Time	Lead II
0	0
0.01	0
0.02	0
0.03	0
0.04	0
0.05	0
0.06	0
0.07	0
0.08	0
0.09	0
0.1	0
0.11	0
0.12	0
0.13	0
0.14	0
0.15	0
0.16	0
0.17	0
0.18	0
0.19	0
0.2	0
0.21	0
0.22	0
0.23	0
0.24	0
0.25	0
0.26	0
0.27	0
0.28	0
0.29	0
0.3	0
0.31	0
0.32	0
0.33	0
0.34	0
0.35	0
0.36	0
0.37	0
0.38	0
0.39	0
0.4	0
0.41	0
0.42	0
0.43	0
0.44	0
0.45	0
0.46	0
0.47	0
0.48	0
0.49	0
0.5	0
0.51	0
0.52	0
0.53	0
0.54	0
0.55	0
0.56	0
0.57	0
0.58	0
0.59	0
0.6	0
0.61	0
0.62	0
0.63	0
0.64	0
0.65	0
0.66	0
0.67	0
0.68	0
0.69	0
0.7	0
0.71	0
0.72	0
0.73	0
0.74	0
0.75	0
0.76	0
0.77	0
0.78	0
0.79	0
0.8	0
0.81	0
0.82	0
0.83	0
0.84	0
0.85	0
0.86	0
0.87	0
0.88	0
0.89	0
0.9	0
0.91	0
0.92	0
0.93	0
0.94	0
0.95	0
0.96	0
0.97	0
0.98	0
0.99	0
1	0
1.01	0
1.02	0
1.03	0
1.04	0
1.05	0
1.06	0
1.07	0
1.08	0
1.09	0
1.1	0
1.11	0
1.12	0
1.13	0
1.14	0
1.15	0
1.16	0
1.17	0
1.18	0
1.19	0
1.2	0
1.21	0
1.22	0
1.23	0
1.24	0
1.25	0
1.26	0
1.27	0
1.28	0
1.29	0
1.3	0
1.31	0
1.32	0
1.33	0
1.34	0
1.35	0
1.36	0
1.37	0
1.38	0
1.39	0
1.4	0
1.41	0
1.42	0
1.43	0
1.44	0
1.45	0
1.46	0
1.47	0
1.48	0
1.49	0
1.5	0
1.51	0
1.52	0
1.53	0
1.54	0
1.55	0
1.56	0
1.57	0
1.58	0
1.59	0
1.6	0
1.61	0
1.62	0
1.63	0
1.64	0
1.65	0
1.66	0
1.67	0
1.68	0
1.69	0
1.7	0
1.71	0
1.72	0
1.73	0
1.74	0
1.75	0
1.76	0
1.77	0
1.78	0
1.79	0
1.8	0
1.81	0
1.82	0
1.83	0
1.84	0
1.85	0
1.86	0
1.87	0
1.88	0
1.89	0
1.9	0
1.91	0
1.92	0
1.93	0
1.94	0
1.95	0
1.96	0
1.97	0
1.98	0
1.99	0
2	0.048686
2.01	0.38492
2.02	0.125863
2.03	-0.0273291
2.04	-0.150985
2.05	-0.143401
2.06	-0.0119793
2.07	0.00881156
2.08	0.362282
2.09	0.410699
2.1	0.0659828
2.11	-0.239863
2.12	-0.515106
2.13	-0.359566
2.14	-0.21275
2.15	-0.107129
2.16	0.0328428
2.17	-0.0420726
2.18	0.0394344
2.19	-0.00527871
2.2	-0.0317026
2.21	0.0775275
2.22	0.00194062
2.23	0.08519
2.24	0.0747452
2.25	0.0823201
2.26	0.20001
2.27	0.132373
2.28	0.25258
2.29	0.26442
2.3	0.285199
2.31	0.411508
2.32	0.34917
2.33	0.435368
2.34	0.367907
2.35	0.285494
2.36	0.301199
2.37	0.115111
2.38	0.122843
2.39	0.0464092
2.4	-0.00961754
2.41	0.0609025
2.42	-0.0516389
2.43	0.0147976
2.44	-0.0378251
2.45	-0.0542106
2.46	0.0501898
2.47	-0.0774836
2.48	-0.0234537
2.49	-0.070116
2.5	-0.103396
2.51	-0.00600551
2.52	-0.101205
2.53	-0.00794142
2.54	-0.0344372
2.55	-0.0830279
2.56	-0.00856702
2.57	-0.104916
2.58	-0.0398693
2.59	-0.0728575
2.6	-0.116894
2.61	-0.0197218
2.62	-0.107651
2.63	-0.0352555
2.64	-0.0625011
2.65	-0.112092
2.66	-0.0599174
2.67	-0.167419
2.68	-0.0735881
2.69	-0.0897802
2.7	-0.127233
2.71	-0.024475
2.72	-0.0900319
2.73	0.0138879
2.74	0.0121486
2.75	-0.00644364
2.76	0.0925616
2.77	-0.00693853
2.78	0.0403275
2.79	-0.00581323
2.8	-0.0462814
2.81	0.00734559
2.82	-0.135792
2.83	-0.0604797
2.84	-0.0684763
2.85	-0.126424
2.86	-0.0555104
2.87	-0.139794
2.88	-0.000291331
2.89	0.0982104
2.9	0.283536
2.91	0.361263
2.92	-0.0740735
2.93	-0.337616
2.94	-0.486742
2.95	-0.4355
2.96	-0.181954
2.97	-0.162301
2.98	-0.024078
2.99	-0.0168915
3	-0.0496329
3.01	0.0553294
3.02	-0.0109476
3.03	0.097294
3.04	0.0788942
3.05	0.0460101
3.06	0.165758
3.07	0.107269
3.08	0.208228
3.09	0.221901
3.1	0.239186
3.11	0.37656
3.12	0.330958
3.13	0.447948
3.14	0.435915
3.15	0.370105
3.16	0.432082
3.17	0.289219
3.18	0.29652
3.19	0.196199
3.2	0.0678034
3.21	0.0830318
3.22	-0.0477972
3.23	0.0168577
3.24	-0.0104519
3.25	-0.0588787
3.26	0.0228931
3.27	-0.0916076
3.28	-0.0343003
3.29	-0.0487447
3.3	-0.0930852
3.31	-0.0111401
3.32	-0.101295
3.33	-0.0178378
3.34	-0.0412786
3.35	-0.0818742
3.36	0.00816663
3.37	-0.101909
3.38	-0.00737919
3.39	0.00948347
3.4	-0.0438845
3.41	0.0352897
3.42	-0.0646679
3.43	0.0113141
3.44	0.0106122
3.45	-0.034368
3.46	0.0475889
3.47	-0.0663062
3.48	-0.00183995
3.49	-0.0170662
3.5	-0.0680103
3.51	0.0163039
3.52	-0.0903806
3.53	-0.0206804
3.54	-0.0457913
3.55	-0.0855534
3.56	0.0433913
3.57	-0.0404429
3.58	0.0527618
3.59	0.0614451
3.6	-0.00551016
3.61	0.0652175
3.62	-0.0446418
3.63	0.0113711
3.64	-0.0310506
3.65	-0.101472
3.66	-0.00565121
3.67	-0.107814
3.68	-0.0468521
3.69	-0.0590149
3.7	-0.106562
3.71	0.00967457
3.72	-0.0360856
3.73	0.222752
3.74	0.373337
3.75	0.123217
3.76	-0.152839
3.77	-0.489005
3.78	-0.414209
3.79	-0.295537
3.8	-0.216781
3.81	-0.00734382
3.82	-0.0554902
3.83	0.00517903
3.84	-0.0151324
3.85	-0.0416274
3.86	0.0807247
3.87	-0.0128905
3.88	0.0681278
3.89	0.0733634
3.9	0.0313572
3.91	0.169675
3.92	0.128249
3.93	0.227567
3.94	0.253018
3.95	0.231538
3.96	0.34644
3.97	0.285713
3.98	0.376809
3.99	0.3459
4	0.236658
4.01	0.282442
4.02	0.117148
4.03	0.107842
4.04	0.048017
4.05	-0.0292386
4.06	0.0534285
4.07	-0.062846
4.08	-0.00911007
4.09	-0.0190137
4.1	-0.0792098
4.11	0.027201
4.12	-0.0596431
4.13	0.010511
4.14	0.00589897
4.15	-0.0463374
4.16	0.0505541
4.17	-0.0523355
4.18	-0.00130793
4.19	-0.0030487
4.2	-0.0502066
4.21	0.049506
4.22	-0.0534659
4.23	-0.00133061
4.24	-0.00419859
4.25	-0.0454181
4.26	0.0435334
4.27	-0.0581092
4.28	0.00310822
4.29	-0.00337904
4.3	-0.0684276
4.31	0.022568
4.32	-0.0610382
4.33	-0.0155268
4.34	-0.0354519
4.35	-0.0943724
4.36	0.0175679
4.37	-0.0726924
4.38	-0.00650602
4.39	0.00325647
4.4	-0.044728
4.41	0.0720279
4.42	0.0143874
4.43	0.0865584
4.44	0.082789
4.45	-0.00329218
4.46	0.0377366
4.47	-0.0957176
4.48	-0.035512
4.49	-0.0224008
4.5	-0.0670575
4.51	0.0272738
4.52	-0.101258
4.53	-0.0592347
4.54	-0.0388461
4.55	-0.0718779
4.56	0.150751
4.57	0.28141
4.58	0.291415
4.59	-0.0220282
4.6	-0.375713
4.61	-0.386024
4.62	-0.386508
4.63	-0.158622
4.64	-0.028918
4.65	-0.0257287
4.66	0.0943616
4.67	-0.0172153
4.68	0.0134387
4.69	0.0370469
4.7	0.00599535
4.71	0.104564
4.72	0.0311298
4.73	0.116624
4.74	0.14199
4.75	0.106965
4.76	0.23721
4.77	0.18918
4.78	0.286885
4.79	0.328322
4.8	0.272983
4.81	0.386173
4.82	0.302309
4.83	0.325741
4.84	0.25481
4.85	0.113444
4.86	0.169339
4.87	0.00714315
4.88	0.00122331
4.89	0.00409967
4.9	-0.0679167
4.91	-0.00194705
4.92	-0.0979255
4.93	-0.0307803
4.94	-0.0211343
4.95	-0.0738828
4.96	0.0302791
4.97	-0.0902474
4.98	-0.037334
4.99	-0.00918992
5	-0.0892609
5.01	0.00980976
5.02	-0.07223
5.03	-0.00865655
5.04	-0.00596552
5.05	-0.0794214
5.06	0.0221014
5.07	-0.0843442
5.08	-0.047879
5.09	-0.0172445
5.1	-0.0749163
5.11	0.00707945
5.12	-0.091768
5.13	-0.0421503
5.14	-0.027921
5.15	-0.0828862
5.16	0.0546436
5.17	0.00511997
5.18	0.069875
5.19	0.0757628
5.2	-0.0170169
5.21	0.0567814
5.22	-0.0544474
5.23	-0.0299132
5.24	-0.0355325
5.25	-0.10745
5.26	-0.0115569
5.27	-0.115829
5.28	-0.0811946
5.29	-0.0778799
5.3	-0.141782
5.31	-0.0103124
5.32	0.0456702
5.33	0.272891
5.34	0.197358
5.35	-0.151965
5.36	-0.299756
5.37	-0.469723
5.38	-0.329612
5.39	-0.163701
5.4	-0.144068
5.41	0.00114565
5.42	-0.0606539
5.43	0.0106152
5.44	0.0235292
5.45	-0.0442096
5.46	0.0686141
5.47	-0.0158523
5.48	0.0579601
5.49	0.10889
5.5	0.0584156
5.51	0.165898
5.52	0.113101
5.53	0.213817
5.54	0.262981
5.55	0.221976
5.56	0.358847
5.57	0.260631
5.58	0.268744
5.59	0.250717
5.6	0.118957
5.61	0.157114
5.62	0.0262288
5.63	0.036417
5.64	0.00747979
5.65	-0.10391
5.66	-0.0266613
5.67	-0.116352
5.68	-0.0559443
5.69	-0.0226743
5.7	-0.101728
5.71	-0.00201381
5.72	-0.0838586
5.73	-0.0448629
5.74	-0.0312503
5.75	-0.0845484
5.76	0.0194124
5.77	-0.091958
5.78	-0.0298849
5.79	-0.0018694
5.8	-0.0833234
5.81	-0.00467989
5.82	-0.0963059
5.83	-0.0431624
5.84	-0.02244
5.85	-0.0930546
5.86	0.00860298
5.87	-0.0979279
5.88	-0.0519359
5.89	-0.0249324
5.9	-0.101572
5.91	0.0182178
5.92	-0.0704392
5.93	-0.0479064
5.94	-0.0341279
5.95	-0.10441
5.96	0.012325
5.97	-0.0620771
5.98	0.00279563
5.99	0.0710796
6	0.0316572
6.01	0.13098
6.02	0.00941051
6.03	0.0143621
6.04	0.0143988
6.05	-0.0684891
6.06	0.028921
6.07	-0.0689025
6.08	-0.0240451
6.09	-0.00264385
6.1	-0.091514
6.11	0.0238115
6.12	-0.029218
6.13	0.0904062
6.14	0.311435
6.15	0.284312
6.16	0.143368
6.17	-0.239578
6.18	-0.367206
6.19	-0.326718
6.2	-0.259163
6.21	0.0106375
6.22	0.0015054
6.23	0.0555378
6.24	0.0853815
6.25	0.0126373
6.26	0.13772
6.27	0.0604409
6.28	0.0977857
6.29	0.145164
6.3	0.0920366
6.31	0.209637
6.32	0.141685
6.33	0.238637
6.34	0.198448
6.35	0.0360776
6.36	0.244502
6.37	0.2993
6.38	0.356777
6.39	0.436941
6.4	0.295466
6.41	0.332197
6.42	0.207315
6.43	0.147126
6.44	0.145823
6.45	-0.00391402
6.46	0.0723385
6.47	0.000509239
6.48	-0.0097939
6.49	0.0558007
6.5	-0.0453143
6.51	0.0624684
6.52	0.00176049
6.53	-0.0189548
6.54	0.0404666
6.55	-0.0539304
6.56	0.0508204
6.57	0.00338944
6.58	-0.0116535
6.59	0.0499976
6.6	-0.0476984
6.61	0.0491773
6.62	-0.011595
6.63	-0.0173873
6.64	0.0428878
6.65	-0.0797321
6.66	0.00747612
6.67	-0.0443641
6.68	-0.03721
6.69	0.040105
6.7	-0.0622247
6.71	0.0198042
6.72	-0.0403008
6.73	-0.0550765
6.74	0.0230248
6.75	-0.0494001
6.76	0.0905599
6.77	0.0705611
6.78	0.0612624
6.79	0.111723
6.8	-0.0193762
6.81	0.0440061
6.82	-0.0184239
6.83	-0.0351713
6.84	0.0164461
6.85	-0.105395
6.86	-0.0224939
6.87	-0.0713821
6.88	-0.0568984
6.89	0.017897
6.9	-0.0715025
6.91	0.123299
6.92	0.262264
6.93	0.205854
6.94	0.0114574
6.95	-0.34705
6.96	-0.378096
6.97	-0.372123
6.98	-0.245486
6.99	-0.0645078
7	-0.109844
7.01	0.00830737
7.02	-0.03388
7.03	-0.0413647
7.04	0.0400514
7.05	-0.0513868
7.06	0.0383344
7.07	0.023649
7.08	0.0527777
7.09	0.117785
7.1	0.0212292
7.11	0.158038
7.12	0.154592
7.13	0.179774
7.14	0.304405
7.15	0.23506
7.16	0.327281
7.17	0.235642
7.18	0.17316
7.19	0.207074
7.2	0.0570365
7.21	0.0802694
7.22	-0.0258269
7.23	-0.082395
7.24	-0.0341258
7.25	-0.140347
7.26	-0.0635583
7.27	-0.10384
7.28	-0.105924
7.29	-0.0284723
7.3	-0.122024
7.31	-0.0291092
7.32	-0.072871
7.33	-0.0892976
7.34	-0.0300037
7.35	-0.135928
7.36	-0.0301408
7.37	-0.0662427
7.38	-0.0911775
7.39	-0.0339575
7.4	-0.135012
7.41	-0.0401907
7.42	-0.0907708
7.43	-0.114631
7.44	-0.0429262
7.45	-0.150901
7.46	-0.0676635
7.47	-0.106498
7.48	-0.0999482
7.49	-0.0127335
7.5	-0.12779
7.51	-0.0531893
7.52	-0.114206
7.53	-0.140301
7.54	-0.0461962
7.55	-0.132778
7.56	-0.0488422
7.57	-0.0919694
7.58	-0.0887656
7.59	0.0268525
7.6	-0.0437892
7.61	0.0431212
7.62	0.00790304
7.63	-0.0164237
7.64	0.035631
7.65	-0.0766965
7.66	0.00583644
7.67	-0.0465273
7.68	-0.0715807
7.69	0.0114286
7.7	-0.080462
7.71	0.0165903
7.72	-0.0242512
7.73	-0.0392985
7.74	0.0779992
7.75	0.126525
7.76	0.403915
7.77	0.251479
7.78	-0.0745296
7.79	-0.24719
7.8	-0.430344
7.81	-0.249837
7.82	-0.141568
7.83	-0.0786182
7.84	0.0316548
7.85	-0.0418309
7.86	0.0636191
7.87	0.0346656
7.88	0.0298253
7.89	0.129114
7.9	0.0458976
7.91	0.148546
7.92	0.126327
7.93	0.119863
7.94	0.217004
7.95	0.14379
7.96	0.258509
7.97	0.237291
7.98	0.214463
7.99	0.28688
8	0.162069
8.01	0.231518
8.02	0.146882
8.03	0.037636
8.04	0.0444938
8.05	-0.107062
8.06	-0.078223
8.07	-0.158917
8.08	-0.198569
8.09	-0.112121
8.1	-0.204348
8.11	-0.122455
8.12	-0.171304
8.13	-0.199728
8.14	-0.110298
8.15	-0.203386
8.16	-0.118833
8.17	-0.130997
8.18	-0.125582
8.19	-0.0362716
8.2	-0.141928
8.21	-0.0686346
8.22	-0.0951158
8.23	-0.116069
8.24	-0.0345226
8.25	-0.123138
8.26	-0.0370882
8.27	-0.0842832
8.28	-0.12
8.29	-0.034841
8.3	-0.12044
8.31	-0.0302031
8.32	-0.0711208
8.33	-0.107757
8.34	-0.0287612
8.35	-0.120525
8.36	-0.0292201
8.37	-0.0667365
8.38	-0.105905
8.39	-0.0115666
8.4	-0.1098
8.41	-0.0371956
8.42	-0.055052
8.43	-0.0819688
8.44	-0.0118349
8.45	-0.116062
8.46	-0.0328403
8.47	-0.0556657
8.48	-0.0801466
8.49	0.0205907
8.5	-0.0705487
8.51	0.0311289
8.52	0.03693
8.53	0.0147811
8.54	0.0718786
8.55	-0.050517
8.56	0.0026206
8.57	-0.060625
8.58	-0.108033
8.59	-0.0244004
8.6	-0.131524
8.61	-0.0581489
8.62	-0.0782564
8.63	-0.106307
8.64	-0.0131077
8.65	-0.0788482
8.66	0.160077
8.67	0.327869
8.68	0.160826
8.69	-0.070522
8.7	-0.41216
8.71	-0.385055
8.72	-0.291438
8.73	-0.169778
8.74	-0.00235253
8.75	-0.0790209
8.76	0.029678
8.77	0.0476554
8.78	0.0269814
8.79	0.100299
8.8	-0.0007544
8.81	0.0865862
8.82	0.0679586
8.83	0.0461674
8.84	0.175755
8.85	0.134431
8.86	0.237263
8.87	0.237093
8.88	0.235434
8.89	0.352762
8.9	0.274101
8.91	0.349046
8.92	0.292952
8.93	0.226421
8.94	0.261127
8.95	0.08619
8.96	0.10336
8.97	0.0422801
8.98	-0.0233435
8.99	0.0461652
9	-0.0631001
9.01	0.0184673
9.02	-0.00339764
9.03	-0.0686413
9.04	0.0204127
9.05	-0.0591129
9.06	0.0265723
9.07	-0.0270688
9.08	-0.0750796
9.09	0.00735359
9.1	-0.120812
9.11	-0.0306115
9.12	-0.0334623
9.13	-0.0717858
9.14	0.00623495
9.15	-0.084617
9.16	0.00219765
9.17	-0.0397013
9.18	-0.0901916
9.19	-0.0190401
9.2	-0.12908
9.21	-0.0445881
9.22	-0.0610094
9.23	-0.106472
9.24	-0.0190064
9.25	-0.101006
9.26	-0.0287992
9.27	-0.0685113
9.28	-0.108519
9.29	-0.00262765
9.3	-0.10326
9.31	-0.0383634
9.32	-0.0617506
9.33	-0.0970579
9.34	-0.00224081
9.35	-0.101369
9.36	-0.0124049
9.37	-0.00479921
9.38	-0.0322834
9.39	0.0754272
9.4	-0.0326533
9.41	0.0194262
9.42	-0.00467334
9.43	-0.0643659
9.44	-0.00776548
9.45	-0.132245
9.46	-0.0702422
9.47	-0.0799964
9.48	-0.108375
9.49	-0.0158458
9.5	-0.12132
9.51	-0.0410905
9.52	0.0713283
9.53	0.246374
9.54	0.276414
9.55	-0.0823915
9.56	-0.222238
9.57	-0.332695
9.58	-0.31971
9.59	-0.0946768
9.6	-0.105944
9.61	0.0015983
9.62	0.0179519
9.63	-0.0114513
9.64	0.0944243
9.65	0.00749001
9.66	0.0772522
9.67	0.068789
9.68	0.0565748
9.69	0.177066
9.7	0.083878
9.71	0.180383
9.72	0.199384
9.73	0.186143
9.74	0.318794
9.75	0.241812
9.76	0.304604
9.77	0.286064
9.78	0.232573
9.79	0.298972
9.8	0.148867
9.81	0.154774
9.82	0.0954917
9.83	0.0139246
9.84	0.0872774
9.85	-0.0393822
9.86	-3.6901e-05
9.87	-0.0170174
9.88	-0.0597257
9.89	0.0409907
9.9	-0.0660339
9.91	-0.00810461
9.92	-0.0143434
9.93	-0.0712507
9.94	0.0281686
9.95	-0.0795767
9.96	-0.0210351
9.97	-0.0203923
9.98	-0.062642
9.99	0.037232
10	-0.0706314
10.01	-0.012092
10.02	-0.0274743
10.03	-0.0925381
10.04	0.0119402
10.05	-0.081194
10.06	-0.0243735
10.07	-0.0255738
10.08	-0.0836879
10.09	-0.000105566
10.1	-0.113765
10.11	-0.0409469
10.12	-0.040905
10.13	-0.0975265
10.14	-0.00295305
10.15	-0.0994642
10.16	-0.0327579
10.17	-0.0387766
10.18	-0.099614
10.19	0.000207425
10.2	-0.105861
10.21	-0.0532009
10.22	-0.0546999
10.23	-0.0976136
10.24	0.0203431
10.25	-0.0702045
10.26	-0.0207682
10.27	-0.0372406
10.28	-0.108187
10.29	0.00504018
10.3	-0.027151
10.31	0.0871728
10.32	0.0689099
10.33	-0.0220845
10.34	0.0572635
10.35	-0.0541281
10.36	-0.0111022
10.37	-0.037748
10.38	-0.095228
10.39	0.00503169
10.4	-0.104916
10.41	-0.0494149
10.42	-0.0443428
10.43	-0.0776943
10.44	0.0582726
10.45	0.0979317
10.46	0.353859
10.47	0.265918
10.48	-0.0976643
10.49	-0.27367
10.5	-0.481324
10.51	-0.322345
10.52	-0.148954
10.53	-0.0940793
10.54	0.0608251
10.55	-0.0290511
10.56	0.0423919
10.57	0.0754665
10.58	0.0208381
10.59	0.123861
10.6	0.049292
10.61	0.112673
10.62	0.118874
10.63	0.057578
10.64	0.186655
10.65	0.144571
10.66	0.245255
10.67	0.286272
10.68	0.245051
10.69	0.352571
10.7	0.259012
10.71	0.293361
10.72	0.250934
10.73	0.137682
10.74	0.188712
10.75	0.0235571
10.76	0.0320721
10.77	0.0238121
10.78	-0.0601494
10.79	0.0102863
10.8	-0.101263
10.81	-0.0413254
10.82	-0.0307473
10.83	-0.112355
10.84	-0.0177017
10.85	-0.106462
10.86	-0.0266637
10.87	-0.00504053
10.88	-0.0847492
10.89	0.0039081
10.9	-0.0933381
10.91	-0.0312283
10.92	-0.0074702
10.93	-0.061199
10.94	0.0463294
10.95	-0.0630443
10.96	-0.0226248
10.97	-0.0127762
10.98	-0.0776771
10.99	0.0258077
11	-0.0678333
11.01	-0.0156079
11.02	-0.0183975
11.03	-0.0996081
11.04	-0.00528153
11.05	-0.108797
11.06	-0.0707939
11.07	-0.0411913
11.08	-0.0974764
11.09	-0.00440929
11.1	-0.105842
11.11	-0.0526395
11.12	-0.0425698
11.13	-0.110594
11.14	-0.00253054
11.15	-0.109195
11.16	-0.0795216
11.17	-0.0711235
11.18	-0.119565
11.19	-0.00371247
11.2	-0.0996375
11.21	-0.0473185
11.22	-0.0397947
11.23	-0.118712
11.24	-0.0175783
11.25	-0.109792
11.26	-0.0466538
11.27	0.010702
11.28	-0.00190646
11.29	0.102297
11.3	-0.0215273
11.31	0.0106752
11.32	-0.00232304
11.33	-0.102369
11.34	-0.0173975
11.35	-0.109789
11.36	-0.0516252
11.37	-0.0399048
11.38	-0.103691
11.39	0.00236368
11.4	-0.0888713
11.41	-0.0185594
11.42	0.0958479
11.43	0.244238
11.44	0.311575
11.45	-0.0956978
11.46	-0.325908
11.47	-0.403012
11.48	-0.390811
11.49	-0.137971
11.5	-0.129972
11.51	-0.0345851
11.52	0.0231301
11.53	-0.0177695
11.54	0.0855893
11.55	-0.0107178
11.56	0.046072
11.57	0.0714341
11.58	0.00976327
11.59	0.135584
11.6	0.065793
11.61	0.147791
11.62	0.197796
11.63	0.151101
11.64	0.285993
11.65	0.244136
11.66	0.320962
11.67	0.332759
11.68	0.245897
11.69	0.321999
11.7	0.184325
11.71	0.169717
11.72	0.119274
11.73	-0.00597194
11.74	0.0614388
11.75	-0.0539623
11.76	-0.00613192
11.77	0.00639346
11.78	-0.0892891
11.79	0.00283737
11.8	-0.0824986
11.81	-0.02544
11.82	-0.00380035
11.83	-0.0897725
11.84	0.0180213
11.85	-0.0683497
11.86	-0.0262924
11.87	-0.00331674
11.88	-0.0779748
11.89	0.0330614
11.9	-0.0360945
11.91	-0.00201168
11.92	0.00559727
11.93	-0.0735495
11.94	0.0295398
11.95	-0.0725235
11.96	-0.039498
11.97	-0.0148197
11.98	-0.0837272
11.99	0.0257773
12	-0.0619316
12.01	-0.036704
12.02	-0.0270469
12.03	-0.107995
12.04	0.00335336
12.05	-0.0812
12.06	-0.0322934
12.07	0.00234172
12.08	-0.0900534
12.09	0.00108743
12.1	-0.0794444
12.11	-0.0365721
12.12	-0.0112191
12.13	-0.0972644
12.14	-0.013687
12.15	-0.0917794
12.16	-0.0495219
12.17	-0.0256151
12.18	-0.098626
12.19	0.00023541
12.2	-0.0906079
12.21	-0.0583962
12.22	-0.0334258
12.23	-0.100647
12.24	0.015447
12.25	-0.0439507
12.26	0.0328314
12.27	0.0679314
12.28	-0.0444759
12.29	0.0366947
12.3	-0.0478862
12.31	-0.0144189
12.32	-0.0104026
12.33	-0.117067
12.34	-0.029977
12.35	-0.106325
12.36	-0.061626
12.37	-0.0305647
12.38	-0.102312
12.39	0.0106107
12.4	0.000155557
12.41	0.259579
12.42	0.346042
12.43	-0.0155433
12.44	-0.232453
12.45	-0.466089
12.46	-0.3751
12.47	-0.179102
12.48	-0.134051
12.49	0.0244513
12.5	-0.0370833
12.51	0.0164787
12.52	0.0527489
12.53	-0.0276058
12.54	0.0947532
12.55	0.0338268
12.56	0.0889974
12.57	0.147637
12.58	0.0771153
12.59	0.204623
12.6	0.150852
12.61	0.222371
12.62	0.302018
12.63	0.24762
12.64	0.364679
12.65	0.28259
12.66	0.31828
12.67	0.344207
12.68	0.202176
12.69	0.225086
12.7	0.0668035
12.71	0.0486339
12.72	0.052941
12.73	-0.0509987
12.74	0.0328392
12.75	-0.064524
12.76	-0.0426948
12.77	-0.017221
12.78	-0.108551
12.79	-0.00170327
12.8	-0.0804175
12.81	-0.0577583
12.82	-0.016197
12.83	-0.0850852
12.84	0.0240769
12.85	-0.05494
12.86	-0.0280555
12.87	0.0057719
12.88	-0.0855451
12.89	0.0161895
12.9	-0.0586365
12.91	-0.0184014
12.92	0.0158282
12.93	-0.0835017
12.94	0.00434343
12.95	-0.0761228
12.96	-0.0334991
12.97	0.0152247
12.98	-0.0751131
12.99	0.0196217
13	-0.0691427
13.01	-0.0624524
13.02	-0.0179052
13.03	-0.102429
13.04	-0.00301769
13.05	-0.073866
13.06	-0.0539472
13.07	-0.00466492
13.08	-0.080486
13.09	0.0324916
13.1	-0.050932
13.11	-0.0435511
13.12	-0.0202899
13.13	-0.0989376
13.14	0.012374
13.15	-0.0632126
13.16	-0.0468168
13.17	-0.003085
13.18	-0.0875303
13.19	0.0102641
13.2	-0.0756974
13.21	-0.0565371
13.22	-0.00234526
13.23	-0.0879635
13.24	0.0126194
13.25	-0.069474
13.26	-0.0615045
13.27	-0.0192863
13.28	-0.082201
13.29	0.0490124
13.3	0.00185448
13.31	0.0340994
13.32	0.0705622
13.33	-0.0434107
13.34	0.0312998
13.35	-0.0466497
13.36	-0.0131037
13.37	0.0158172
13.38	-0.104222
13.39	-0.0184297
13.4	-0.0977771
13.41	-0.0881128
13.42	-0.0428151
13.43	-0.107675
13.44	0.0345925
13.45	0.065689
13.46	0.276033
13.47	0.26528
13.48	-0.149687
13.49	-0.323732
13.5	-0.470733
13.51	-0.343318
13.52	-0.128166
13.53	-0.090982
13.54	0.0517484
13.55	-0.0162402
13.56	0.00182438
13.57	0.0609818
13.58	-0.00245694
13.59	0.119661
13.6	0.0602876
13.61	0.0799396
13.62	0.137405
13.63	0.0650538
13.64	0.193396
13.65	0.151416
13.66	0.210033
13.67	0.301134
13.68	0.247912
13.69	0.368895
13.7	0.312923
13.71	0.313771
13.72	0.317051
13.73	0.1596
13.74	0.198927
13.75	0.0686968
13.76	0.0285649
13.77	0.0578217
13.78	-0.0576539
13.79	0.0151489
13.8	-0.0784395
13.81	-0.0762481
13.82	-0.0192836
13.83	-0.0977332
13.84	0.0073458
13.85	-0.0638746
13.86	-0.0570848
13.87	-0.0101189
13.88	-0.100463
13.89	0.000869871
13.9	-0.0695979
13.91	-0.0516037
13.92	0.0219287
13.93	-0.074102
13.94	0.0143995
13.95	-0.0586696
13.96	-0.0393327
13.97	0.0119595
13.98	-0.0987465
13.99	0.000153937
14	-0.0551729
14.01	-0.054531
14.02	-0.0104563
14.03	-0.108234
14.04	-0.00489967
14.05	-0.0666612
14.06	-0.051187
14.07	-0.0075848
14.08	-0.114052
14.09	-0.00832508
14.1	-0.0727843
14.11	-0.0626902
14.12	-0.003958
14.13	-0.106955
14.14	-0.00781829
14.15	-0.0882999
14.16	-0.0964002
14.17	-0.0213335
14.18	-0.10351
14.19	-0.00498082
14.2	-0.0669391
14.21	-0.0621417
14.22	-0.011233
14.23	-0.117285
14.24	-0.00173535
14.25	-0.0220201
14.26	0.0171721
14.27	0.0835213
14.28	-0.0205422
14.29	0.0584559
14.3	-0.0330206
14.31	-0.0644871
14.32	-0.0330663
14.33	-0.140143
14.34	-0.0266647
14.35	-0.0827395
14.36	-0.0859628
14.37	-0.0132241
14.38	-0.0947019
14.39	0.0360855
14.4	0.153141
14.41	0.234248
14.42	0.0708861
14.43	-0.314984
14.44	-0.38178
14.45	-0.408712
14.46	-0.245284
14.47	-0.0489412
14.48	-0.0768949
14.49	0.0419396
14.5	-0.0158944
14.51	0.00578542
14.52	0.0913321
14.53	-0.00228791
14.54	0.101672
14.55	0.0531773
14.56	0.0779424
14.57	0.178948
14.58	0.0934018
14.59	0.206123
14.6	0.177192
14.61	0.214933
14.62	0.319664
14.63	0.257977
14.64	0.378054
14.65	0.322986
14.66	0.288545
14.67	0.28473
14.68	0.117483
14.69	0.163076
14.7	0.0603131
14.71	0.0259041
14.72	0.0593692
14.73	-0.0623039
14.74	0.0182123
14.75	-0.0489419
14.76	-0.0531255
14.77	0.0162747
14.78	-0.0848677
14.79	0.00801612
14.8	-0.0452425
14.81	-0.0371793
14.82	0.0312771
14.83	-0.0785358
14.84	0.0229361
14.85	-0.0106305
14.86	-0.0196309
14.87	0.0223616
14.88	-0.07725
14.89	0.0278565
14.9	-0.035797
14.91	-0.0417641
14.92	0.0253276
14.93	-0.0592002
14.94	0.035836
14.95	-0.0467822
14.96	-0.0550225
14.97	0.0314151
14.98	-0.0632768
14.99	0.0186952
15	-0.0371489
15.01	-0.05405
15.02	0.0079817
15.03	-0.0913048
15.04	0.00296007
15.05	-0.0489378
15.06	-0.0651545
15.07	-0.00989357
15.08	-0.11017
15.09	-0.00487953
15.1	-0.0483065
15.11	-0.058435
15.12	0.004193
15.13	-0.101014
15.14	-0.00564645
15.15	-0.0584983
15.16	-0.068799
15.17	0.000734997
15.18	-0.0973031
15.19	-0.00332
15.2	-0.0631762
15.21	-0.077084
15.22	-0.00678215
15.23	-0.106484
15.24	-0.0159763
15.25	-0.0464518
15.26	-0.0196577
15.27	0.0805335
15.28	-0.0123858
15.29	0.064577
15.3	-0.00113797
15.31	-0.0333571
15.32	0.0118271
15.33	-0.104572
15.34	-0.025702
15.35	-0.0836741
15.36	-0.0936453
15.37	-0.0187581
15.38	-0.119427
15.39	-0.013399
15.4	-0.0513017
15.41	0.0016837
15.42	0.279606
15.43	0.189468
15.44	0.0360755
15.45	-0.249279
15.46	-0.381722
15.47	-0.281263
15.48	-0.250702
15.49	-0.031135
15.5	-0.019519
15.51	-0.0112109
15.52	0.0732944
15.53	-0.0316582
15.54	0.0771322
15.55	0.0553119
15.56	0.0516514
15.57	0.136648
15.58	0.0421076
15.59	0.145556
15.6	0.134771
15.61	0.161644
15.62	0.276731
15.63	0.191008
15.64	0.305188
15.65	0.295201
15.66	0.286157
15.67	0.350927
15.68	0.227214
15.69	0.278094
15.7	0.173314
15.71	0.0885948
15.72	0.102901
15.73	-0.0440439
15.74	0.0257836
15.75	-0.0319911
15.76	-0.0618528
15.77	0.0160298
15.78	-0.0877087
15.79	-0.00580399
15.8	-0.0542109
15.81	-0.0708593
15.82	0.00566624
15.83	-0.0932198
15.84	0.0123834
15.85	-0.0317563
15.86	-0.0590916
15.87	0.0264338
15.88	-0.075428
15.89	0.00888679
15.9	-0.0331026
15.91	-0.0559848
15.92	0.0329925
15.93	-0.0555955
15.94	0.0317687
15.95	-0.0140808
15.96	-0.0420004
15.97	0.0238434
15.98	-0.0895149
15.99	0.00631089
16	-0.033702
16.01	-0.0845092
16.02	-0.0114081
16.03	-0.0967015
16.04	-0.00993511
16.05	-0.059569
16.06	-0.0872594
16.07	0.0064052
16.08	-0.0910693
16.09	-0.00508271
16.1	-0.0454746
16.11	-0.0815887
16.12	-0.0153743
16.13	-0.138523
16.14	-0.0519317
16.15	-0.0730099
16.16	-0.086119
16.17	-0.00868276
16.18	-0.116812
16.19	-0.0293907
16.2	-0.0697754
16.21	-0.101265
16.22	-0.0195678
16.23	-0.118119
16.24	-0.0270476
16.25	-0.0690784
16.26	-0.0979866
16.27	0.00104312
16.28	-0.0947639
16.29	-0.0116688
16.3	-0.051932
16.31	-0.0784792
16.32	0.00605708
16.33	-0.0956366
16.34	-0.00733674
16.35	-0.0503503
16.36	-0.0616836
16.37	0.0452515
16.38	-0.0339202
16.39	0.0685916
16.4	0.0438646
16.41	0.00285453
16.42	0.0631108
16.43	-0.062554
16.44	0.000571147
16.45	-0.0470583
16.46	-0.0919113
16.47	-0.0196344
16.48	-0.10776
16.49	-0.0065249
16.5	-0.036108
16.51	-0.0584947
16.52	0.0601847
16.53	0.113836
16.54	0.345599
16.55	0.136015
16.56	-0.230238
16.57	-0.362599
16.58	-0.471541
16.59	-0.250199
16.6	-0.115527
16.61	-0.0463186
16.62	0.0657856
16.63	-0.0390411
16.64	0.050958
16.65	0.0280708
16.66	-0.00335513
16.67	0.100611
16.68	0.0293023
16.69	0.131239
16.7	0.102581
16.71	0.0763142
16.72	0.196416
16.73	0.138151
16.74	0.262879
16.75	0.276525
16.76	0.270711
16.77	0.375523
16.78	0.279164
16.79	0.342524
16.8	0.276456
16.81	0.191597
16.82	0.20799
16.83	0.0455674
16.84	0.0798513
16.85	0.0143864
16.86	-0.0437001
16.87	0.0271833
16.88	-0.0807348
16.89	-0.00380665
16.9	-0.0456004
16.91	-0.0847699
16.92	0.00617353
16.93	-0.0966267
16.94	-0.014018
16.95	-0.0282237
16.96	-0.0588767
16.97	0.0194661
16.98	-0.0798134
16.99	0.013566
17	-0.00907758
17.01	-0.0483852
17.02	0.0474267
17.03	-0.0553888
17.04	0.0145048
17.05	-0.0212141
17.06	-0.0707566
17.07	0.0227921
17.08	-0.0757339
17.09	0.0138606
17.1	-0.00787775
17.11	-0.0616639
17.12	0.0241639
17.13	-0.0809687
17.14	-0.0158701
17.15	-0.0502762
17.16	-0.0774524
17.17	0.0370801
17.18	-0.0689671
17.19	-0.0150117
17.2	-0.0340025
17.21	-0.064767
17.22	0.0185297
17.23	-0.0877153
17.24	-0.00563604
17.25	-0.0377518
17.26	-0.0812343
17.27	0.0149394
17.28	-0.0869004
17.29	-0.0144994
17.3	-0.0383445
17.31	-0.0783592
17.32	0.0151912
17.33	-0.0893392
17.34	-0.0236309
17.35	-0.0487313
17.36	-0.0741395
17.37	0.0187449
17.38	-0.0871143
17.39	-0.00774704
17.4	-0.0392291
17.41	-0.0852364
17.42	0.0171981
17.43	-0.0831589
17.44	-0.0113328
17.45	-0.0234011
17.46	-0.0509956
17.47	0.0574572
17.48	-0.0208862
17.49	0.067068
17.5	0.0442368
17.51	-0.0237389
17.52	0.0371825
17.53	-0.0737199
17.54	-0.0113768
17.55	-0.0396801
17.56	-0.104456
17.57	-0.0317907
17.58	-0.120251
17.59	-0.0315189
17.6	-0.0500339
17.61	-0.0848014
17.62	0.0656639
17.63	0.152423
17.64	0.303516
17.65	0.0412985
17.66	-0.296485
17.67	-0.34443
17.68	-0.41351
17.69	-0.198646
17.7	-0.0952383
17.71	-0.0783236
17.72	0.0381327
17.73	-0.0400172
17.74	0.0600227
17.75	0.0489183
17.76	0.00849092
17.77	0.110355
17.78	0.0121907
17.79	0.107265
17.8	0.125797
17.81	0.0986721
17.82	0.205283
17.83	0.145347
17.84	0.261233
17.85	0.280055
17.86	0.261234
17.87	0.377087
17.88	0.267118
17.89	0.304541
17.9	0.257883
17.91	0.161446
17.92	0.19618
17.93	0.0363138
17.94	0.0522037
17.95	0.00563187
17.96	-0.0679695
17.97	0.00452114
17.98	-0.098834
17.99	-0.0216543
18	-0.0344904
18.01	-0.0790865
18.02	0.0189114
18.03	-0.0857414
18.04	-0.0159177
18.05	-0.0394191
18.06	-0.0907888
18.07	0.0167601
18.08	-0.0733244
18.09	0.00842047
18.1	2.10848e-05
18.11	-0.0532712
18.12	0.0335306
18.13	-0.0717284
18.14	-0.0132459
18.15	-0.0167061
18.16	-0.0546414
18.17	0.0350918
18.18	-0.0816845
18.19	-0.0256313
18.2	-0.0330761
18.21	-0.0724628
18.22	0.0285821
18.23	-0.0675591
18.24	-0.00642177
18.25	-0.0181716
18.26	-0.0653435
18.27	0.0212831
18.28	-0.0860375
18.29	-0.0183272
18.3	-0.031632
18.31	-0.0884658
18.32	0.00930252
18.33	-0.0976066
18.34	-0.0290501
18.35	-0.0279897
18.36	-0.0772047
18.37	0.0159074
18.38	-0.090612
18.39	-0.0247395
18.4	-0.029738
18.41	-0.0741948
18.42	0.0143147
18.43	-0.0937543
18.44	-0.0283278
18.45	-0.0417609
18.46	-0.0877562
18.47	0.0208132
18.48	-0.0816267
18.49	-0.00691428
18.5	-0.00758778
18.51	-0.0706891
18.52	0.00720911
18.53	-0.0973852
18.54	-0.0300252
18.55	-0.0359841
18.56	-0.0839657
18.57	0.0213858
18.58	-0.0700053
18.59	0.0219459
18.6	0.0499975
18.61	0.0125642
18.62	0.0901299
18.63	-0.0371312
18.64	-0.00118197
18.65	-0.0224605
18.66	-0.0776784
18.67	0.00129234
18.68	-0.114744
18.69	-0.0481045
18.7	-0.0395741
18.71	-0.0946106
18.72	-0.00483773
18.73	-0.0976938
18.74	0.0509567
18.75	0.2668
18.76	0.262277
18.77	0.0797023
18.78	-0.331483
18.79	-0.415895
18.8	-0.367858
18.81	-0.258809
18.82	-0.0206625
18.83	-0.0658854
18.84	0.0164693
18.85	0.0233325
18.86	-0.0227345
18.87	0.0842121
18.88	-0.000689737
18.89	0.0898689
18.9	0.104876
18.91	0.046713
18.92	0.143301
18.93	0.0740996
18.94	0.170748
18.95	0.208819
18.96	0.214172
18.97	0.363102
18.98	0.282857
18.99	0.348922
19	0.35287
19.01	0.270975
19.02	0.319217
19.03	0.15898
19.04	0.160471
19.05	0.116846
19.06	0.0235962
19.07	0.0889494
19.08	-0.0343116
19.09	0.0114095
19.1	-0.00585703
19.11	-0.06701
19.12	0.0379334
19.13	-0.0659575
19.14	-0.0139215
19.15	-0.0183786
19.16	-0.0825501
19.17	0.013429
19.18	-0.0655325
19.19	0.00175994
19.2	0.00723376
19.21	-0.0538143
19.22	0.0312997
19.23	-0.0777811
19.24	-0.00594765
19.25	0.0105923
19.26	-0.0513232
19.27	0.0374042
19.28	-0.0644739
19.29	-0.00567451
19.3	-0.00700182
19.31	-0.0733982
19.32	0.0238505
19.33	-0.0704128
19.34	-0.0108121
19.35	-0.00256644
19.36	-0.0650371
19.37	0.0170935
19.38	-0.0862567
19.39	-0.0187206
19.4	-0.00944071
19.41	-0.0728304
19.42	0.0288714
19.43	-0.0671738
19.44	-0.0146007
19.45	-0.0124482
19.46	-0.0816542
19.47	0.0181774
19.48	-0.0768504
19.49	-0.0169409
19.5	-0.0124898
19.51	-0.0707793
19.52	0.025434
19.53	-0.0876392
19.54	-0.0388584
19.55	-0.0393213
19.56	-0.0884518
19.57	0.0278815
19.58	-0.0635914
19.59	-0.0158983
19.6	-0.0208606
19.61	-0.0790726
19.62	0.0258882
19.63	-0.0704755
19.64	-0.0284547
19.65	-0.0360729
19.66	-0.0886748
19.67	0.020352
19.68	-0.0698219
19.69	-0.00854197
19.7	-0.00660462
19.71	-0.0797458
19.72	0.0203416
19.73	-0.0850663
19.74	-0.0341032
19.75	-0.0298321
19.76	-0.103277
19.77	-0.00108786
19.78	-0.0900057
19.79	-0.0371146
19.8	-0.0440361
19.81	-0.107009
19.82	-0.00308562
19.83	-0.0903568
19.84	-0.0029825
19.85	0.0471711
19.86	-0.00387615
19.87	0.0646171
19.88	-0.053089
19.89	-0.00918849
19.9	-0.0187697
19.91	-0.101237
19.92	-0.0160104
19.93	-0.11773
19.94	-0.0630025
19.95	-0.0348046
19.96	-0.0874636
19.97	0.0129176
19.98	-0.0731826
19.99	0.0843737
20	0.327001
20.01	0.233181
20.02	0.0161998
20.03	-0.377582
20.04	-0.426193
20.05	-0.316607
20.06	-0.21381
20.07	0.00500721
20.08	-0.0433916
20.09	0.0166555
20.1	0.0300005
20.11	-0.0187947
20.12	0.104843
20.13	0.0194507
20.14	0.0885677
20.15	0.114086
20.16	0.0521541
20.17	0.16144
20.18	0.0924429
20.19	0.189471
20.2	0.238003
20.21	0.201055
20.22	0.322976
20.23	0.267012
20.24	0.343469
20.25	0.346123
20.26	0.252783
20.27	0.319703
20.28	0.165149
20.29	0.147159
20.3	0.0953265
20.31	-0.00287909
20.32	0.0859303
20.33	-0.0353291
20.34	-0.0100653
20.35	-0.00409132
20.36	-0.0691166
20.37	0.0234084
20.38	-0.0696107
20.39	-0.0149128
20.4	-0.00938553
20.41	-0.0988002
20.42	0.00190562
20.43	-0.0674841
20.44	0.0130099
20.45	0.0221365
20.46	-0.0634815
20.47	0.0292907
20.48	-0.0678762
20.49	-0.00683355
20.5	0.0131699
20.51	-0.0487833
20.52	0.0455913
20.53	-0.0618259
20.54	-0.025611
20.55	-0.000125233
20.56	-0.0618973
20.57	0.022385
20.58	-0.0812325
20.59	-0.0242975
20.6	-0.00884838
20.61	-0.0866006
20.62	0.0334403
20.63	-0.0552972
20.64	-0.0114155
20.65	0.00328709
20.66	-0.0677339
20.67	0.0301627
20.68	-0.0615249
20.69	-0.0164811
20.7	-0.00517577
20.71	-0.0852683
20.72	0.0103918
20.73	-0.0875751
20.74	-0.0349186
20.75	-0.006657
20.76	-0.0740145
20.77	0.0162938
20.78	-0.0755732
20.79	-0.0232059
20.8	-0.0102432
20.81	-0.0917536
20.82	0.015896
20.83	-0.0683637
20.84	-0.0310894
20.85	-0.0260452
20.86	-0.100052
20.87	0.0174933
20.88	-0.0671792
20.89	-0.0271904
20.9	-0.0100826
20.91	-0.0829737
20.92	0.0143266
20.93	-0.0752629
20.94	-0.0211692
20.95	-0.0141391
20.96	-0.103958
20.97	0.00115981
20.98	-0.0886379
20.99	-0.0374955
21	-0.0214307
21.01	-0.098347
21.02	0.0179173
21.03	-0.0588255
21.04	0.0152606
21.05	0.0531552
21.06	-0.0329496
21.07	0.0686667
21.08	-0.0326642
21.09	-0.0201557
21.1	-0.0276218
21.11	-0.119331
21.12	-0.0187752
21.13	-0.105177
21.14	-0.0600895
21.15	-0.0389504
21.16	-0.121967
21.17	-0.0106746
21.18	-0.0604267
21.19	0.157273
21.2	0.339397
21.21	0.0775542
21.22	-0.146435
21.23	-0.451857
21.24	-0.42754
21.25	-0.26737
21.26	-0.190061
21.27	-0.0139725
21.28	-0.0658407
21.29	0.00578962
21.3	0.0435547
21.31	-0.0220564
21.32	0.087429
21.33	-0.010479
21.34	0.0313099
21.35	0.101266
21.36	0.0701641
21.37	0.192333
21.38	0.121243
21.39	0.192301
21.4	0.245835
21.41	0.19047
21.42	0.322209
21.43	0.275795
21.44	0.344979
21.45	0.365578
21.46	0.240761
21.47	0.278627
21.48	0.124431
21.49	0.110374
21.5	0.0822069
21.51	-0.034208
21.52	0.050149
21.53	-0.0695157
21.54	-0.0405417
21.55	-0.00717553
21.56	-0.0809541
21.57	0.0113752
21.58	-0.0904973
21.59	0.0163738
21.6	0.186566
21.61	0.0234255
21.62	0.037538
21.63	-0.0537785
21.64	-0.049393
21.65	0.0216711
21.66	-0.0725755
21.67	0.0309516
21.68	-0.037531
21.69	-0.0514974
21.7	0.0145096
21.71	-0.0779041
21.72	0.0224574
21.73	-0.0326721
21.74	-0.0284745
21.75	0.0342921
21.76	-0.073568
21.77	0.0131484
21.78	-0.0575113
21.79	-0.0514219
21.8	0.0167098
21.81	-0.0837257
21.82	0.0131152
21.83	-0.0630658
21.84	-0.0817182
21.85	-0.0189156
21.86	-0.103622
21.87	0.0151004
21.88	-0.0406496
21.89	-0.0515491
21.9	0.00454396
21.91	-0.0986969
21.92	-0.00261695
21.93	-0.05954
21.94	-0.0688322
21.95	-0.0156474
21.96	-0.123772
21.97	-0.022213
21.98	-0.0680545
21.99	-0.0669675
22	-0.0148808
22.01	-0.121617
22.02	-0.016846
22.03	-0.0617797
22.04	-0.0738669
22.05	-0.0296063
22.06	-0.136944
22.07	-0.0339766
22.08	-0.0745336
22.09	-0.0776621
22.1	-0.0215237
22.11	-0.126117
22.12	-0.0414647
22.13	-0.102892
22.14	-0.122392
22.15	-0.0518039
22.16	-0.147251
22.17	-0.0657951
22.18	-0.125824
22.19	-0.128533
22.2	-0.0747969
22.21	-0.189974
22.22	-0.0828249
22.23	-0.106407
22.24	-0.106472
22.25	-0.03548
22.26	-0.105075
22.27	-0.0053697
22.28	-0.0927328
22.29	-0.111205
22.3	-0.0442856
22.31	-0.147636
22.32	-0.065855
22.33	-0.138204
22.34	-0.170462
22.35	-0.127649
22.36	-0.217329
22.37	-0.0944444
22.38	-0.139065
22.39	-0.13092
22.4	-0.000198728
22.41	0.103607
22.42	0.323018
22.43	0.0357802
22.44	-0.298888
22.45	-0.389261
22.46	-0.460567
22.47	-0.185465
22.48	-0.0789632
22.49	-0.0240604
22.5	0.0913382
22.51	0.0368399
22.52	0.155165
22.53	0.107192
22.54	0.107346
22.55	0.203548
22.56	0.133461
22.57	0.253841
22.58	0.219897
22.59	0.223463
22.6	0.328622
22.61	0.277448
22.62	0.425263
22.63	0.407431
22.64	0.402491
22.65	0.489084
22.66	0.409044
22.67	0.489416
22.68	0.388759
22.69	0.319977
22.7	0.32623
22.71	0.151047
22.72	0.188767
22.73	0.113436
22.74	0.0837524
22.75	0.142124
22.76	0.021446
22.77	0.08759
22.78	0.0263613
22.79	0.00771823
22.8	0.0768591
22.81	-0.0316368
22.82	0.0518005
22.83	-0.0020651
22.84	-0.00962899
22.85	0.0702115
22.86	-0.0366302
22.87	0.0515354
22.88	0.0148145
22.89	0.00461858
22.9	0.0614392
22.91	-0.0662261
22.92	0.0318241
22.93	0.0285224
22.94	0.00504483
22.95	0.0437661
22.96	-0.0571347
22.97	0.0481498
22.98	-0.00507729
22.99	-0.0464538
23	0.0185843
23.01	-0.0744244
23.02	0.0262237
23.03	-0.0168782
23.04	-0.0709952
23.05	0.00440082
23.06	-0.0519544
23.07	0.049374
23.08	-0.0293017
23.09	-0.0363601
23.1	0.0653753
23.11	-0.0297725
23.12	0.0489149
23.13	-0.00929664
23.14	-0.0258001
23.15	0.0511318
23.16	-0.0547713
23.17	0.034296
23.18	0.00242992
23.19	-0.0130712
23.2	0.0442994
23.21	-0.0562557
23.22	0.0345524
23.23	-0.01784
23.24	-0.0400468
23.25	0.0387677
23.26	-0.0445906
23.27	0.046913
23.28	-0.0118635
23.29	-0.0336166
23.3	0.037444
23.31	-0.0769792
23.32	0.00809284
23.33	-0.0128683
23.34	-0.0197654
23.35	0.0400544
23.36	-0.0737653
23.37	0.00765062
23.38	-0.0290318
23.39	-0.043814
23.4	0.0203723
23.41	-0.0665741
23.42	0.030921
23.43	-0.0100936
23.44	-0.0296818
23.45	0.0515953
23.46	-0.0316094
23.47	0.0501861
23.48	-0.0129693
23.49	-0.0617961
23.5	-0.0135251
23.51	-0.13049
23.52	-0.0675518
23.53	-0.0943164
23.54	-0.0934449
23.55	-0.0147641
23.56	-0.0799371
23.57	0.187271
23.58	0.276469
23.59	0.049869
23.6	-0.181675
23.61	-0.458481
23.62	-0.379234
23.63	-0.284552
23.64	-0.165252
23.65	-0.0322723
23.66	-0.102002
23.67	0.0127247
23.68	-0.0105697
23.69	-0.031768
23.7	0.0475494
23.71	-0.0479068
23.72	0.0332072
23.73	0.0185702
23.74	0.026003
23.75	0.11422
23.76	0.0141052
23.77	0.121999
23.78	0.147697
23.79	0.194282
23.8	0.31783
23.81	0.243634
23.82	0.32034
23.83	0.26588
23.84	0.195952
23.85	0.221001
23.86	0.0850147
23.87	0.114786
23.88	0.0289556
23.89	-0.0349573
23.9	0.00540661
23.91	-0.0945955
23.92	-0.0195416
23.93	-0.066066
23.94	-0.0930386
23.95	-0.0238229
23.96	-0.117707
23.97	-0.0316131
23.98	-0.0569965
23.99	-0.0845926
24	-0.025274
24.01	-0.116563
24.02	-0.0259901
24.03	-0.0554259
24.04	-0.0804123
24.05	-0.0222787
24.06	-0.113019
24.07	-0.0298866
24.08	-0.0768371
24.09	-0.0839171
24.1	0.0172235
24.11	-0.0758798
24.12	-0.014529
24.13	-0.0552192
24.14	-0.0646571
24.15	-0.00477
24.16	-0.0906294
24.17	5.37581e-05
24.18	-0.0276097
24.19	-0.0500815
24.2	0.016697
24.21	-0.047474
24.22	0.0280485
24.23	-0.0100308
24.24	-0.0423545
24.25	0.00332753
24.26	-0.064975
24.27	0.0229974
24.28	-0.0108729
24.29	-0.0370364
24.3	0.0128289
24.31	-0.061545
24.32	0.00753051
24.33	-0.0199458
24.34	-0.0276766
24.35	0.00578292
24.36	-0.084586
24.37	-0.00477936
24.38	-0.024232
24.39	-0.0302909
24.4	0.0143063
24.41	-0.0682661
24.42	-0.00383303
24.43	-0.0399115
24.44	-0.0478411
24.45	0.0190724
24.46	-0.0425517
24.47	0.00625071
24.48	-0.0357854
24.49	-0.0471279
24.5	7.73826e-05
24.51	-0.0847088
24.52	-0.0241655
24.53	-0.0435307
24.54	-0.0510079
24.55	-0.0110036
24.56	-0.095203
24.57	-0.0274279
24.58	-0.0578292
24.59	-0.0734432
24.6	-0.0114003
24.61	-0.0693713
24.62	-0.0164542
24.63	-0.0626301
24.64	-0.0775174
24.65	-0.0146947
24.66	-0.0918341
24.67	-0.0373402
24.68	-0.0565723
24.69	-0.0524959
24.7	0.00360289
24.71	-0.0769803
24.72	-0.0378134
24.73	-0.0919223
24.74	-0.116657
24.75	-0.0583221
24.76	-0.104827
24.77	-0.0356739
24.78	-0.0777698
24.79	-0.0959646
24.8	-0.0478745
24.81	-0.115652
24.82	0.0308491
24.83	0.238637
24.84	0.262726
24.85	0.0723091
24.86	-0.25405
24.87	-0.339532
24.88	-0.352429
24.89	-0.233306
24.9	-0.0612075
24.91	-0.0735062
24.92	0.00898976
24.93	0.00457085
24.94	0.00956241
24.95	0.0686249
24.96	0.00854058
24.97	0.0808125
24.98	0.0576642
24.99	0.0503934
25	0.125026
25.01	0.0821521
25.02	0.159847
25.03	0.161998
25.04	0.183696
25.05	0.280386
25.06	0.238767
25.07	0.30901
25.08	0.291256
25.09	0.277715
25.1	0.291609
25.11	0.157105
25.12	0.147051
25.13	0.0800504
25.14	0.0362897
25.15	0.0522222
25.16	-0.0357289
25.17	0.0122055
25.18	-0.0255185
25.19	-0.0418818
25.2	0.0174297
25.21	-0.0512418
25.22	-0.0067388
25.23	-0.0473678
25.24	-0.0588289
25.25	0.0213455
25.26	-0.0402545
25.27	0.00858848
25.28	-0.0262955
25.29	-0.0430796
25.3	0.0189365
25.31	-0.05578
25.32	-0.0119799
25.33	-0.0357982
25.34	-0.0372832
25.35	0.0219987
25.36	-0.0542941
25.37	0.00387553
25.38	-0.0308567
25.39	-0.0563586
25.4	0.00879698
25.41	-0.0451609
25.42	0.0137254
25.43	-0.0172692
25.44	-0.0462353
25.45	-0.000945474
25.46	-0.0819389
25.47	-0.0281719
25.48	-0.0342598
25.49	-0.0425508
25.5	0.00883702
25.51	-0.0638587
25.52	-0.00692034
25.53	-0.0268538
25.54	-0.0415321
25.55	0.00562118
25.56	-0.0675013
25.57	-0.000604052
25.58	-0.0228767
25.59	-0.0283175
25.6	0.0328885
25.61	-0.0634999
25.62	-0.017061
25.63	-0.0337036
25.64	-0.0436266
25.65	0.0249747
25.66	-0.0381423
25.67	0.00826033
25.68	-0.0322924
25.69	-0.0480814
25.7	0.0245629
25.71	-0.0535745
25.72	-0.00634632
25.73	-0.0137794
25.74	-0.0260347
25.75	0.0167172
25.76	-0.0592787
25.77	-0.00444106
25.78	-0.0462012
25.79	-0.0752255
25.8	0.00870282
25.81	-0.0274533
25.82	0.0394181
25.83	-0.0110754
25.84	-0.0497193
25.85	0.00391197
25.86	-0.074267
25.87	0.00215749
25.88	-0.0214639
25.89	-0.0625673
25.9	-0.00191184
25.91	-0.0456127
25.92	0.0183447
25.93	-0.0109205
25.94	-0.00987082
25.95	0.216907
25.96	0.278566
25.97	0.0671499
25.98	-0.277433
25.99	-0.412443
26	-0.370768
26.01	-0.253739
26.02	0.000717463
26.03	-0.00936729
26.04	-0.0750648
26.05	-0.0162291
26.06	0.00125724
26.07	0.153718
26.08	0.129026
26.09	0.0040576
26.1	-0.0541578
26.11	-0.0906543
26.12	0.0725818
26.13	-0.00931105
26.14	-0.110009
26.15	0.0683082
26.16	0.0628558
26.17	0.109104
26.18	0.209133
26.19	0.213774
26.2	0.175212
26.21	0.0284844
26.22	0.0420734
26.23	0.0330785
