Time	Lead II
0	0
0.01	0
0.02	0
0.03	0
0.04	0
0.05	0
0.06	0
0.07	0
0.08	0
0.09	0
0.1	0
0.11	0
0.12	0
0.13	0
0.14	0
0.15	0
0.16	0
0.17	0
0.18	0
0.19	0
0.2	0
0.21	0
0.22	0
0.23	0
0.24	0
0.25	0
0.26	0
0.27	0
0.28	0
0.29	0
0.3	0
0.31	0
0.32	0
0.33	0
0.34	0
0.35	0
0.36	0
0.37	0
0.38	0
0.39	0
0.4	0
0.41	0
0.42	0
0.43	0
0.44	0
0.45	0
0.46	0
0.47	0
0.48	0
0.49	0
0.5	0
0.51	0
0.52	0
0.53	0
0.54	0
0.55	0
0.56	0
0.57	0
0.58	0
0.59	0
0.6	0
0.61	0
0.62	0
0.63	0
0.64	0
0.65	0
0.66	0
0.67	0
0.68	0
0.69	0
0.7	0
0.71	0
0.72	0
0.73	0
0.74	0
0.75	0
0.76	0
0.77	0
0.78	0
0.79	0
0.8	0
0.81	0
0.82	0
0.83	0
0.84	0
0.85	0
0.86	0
0.87	0
0.88	0
0.89	0
0.9	0
0.91	0
0.92	0
0.93	0
0.94	0
0.95	0
0.96	0
0.97	0
0.98	0
0.99	0
1	0
1.01	0
1.02	0
1.03	0
1.04	0
1.05	0
1.06	0
1.07	0
1.08	0
1.09	0
1.1	0
1.11	0
1.12	0
1.13	0
1.14	0
1.15	0
1.16	0
1.17	0
1.18	0
1.19	0
1.2	0
1.21	0
1.22	0
1.23	0
1.24	0
1.25	0
1.26	0
1.27	0
1.28	0
1.29	0
1.3	0
1.31	0
1.32	0
1.33	0
1.34	0
1.35	0
1.36	0
1.37	0
1.38	0
1.39	0
1.4	0
1.41	0
1.42	0
1.43	0
1.44	0
1.45	0
1.46	0
1.47	0
1.48	0
1.49	0
1.5	0
1.51	0
1.52	0
1.53	0
1.54	0
1.55	0
1.56	0
1.57	0
1.58	0
1.59	0
1.6	0
1.61	0
1.62	0
1.63	0
1.64	0
1.65	0
1.66	0
1.67	0
1.68	0
1.69	0
1.7	0
1.71	0
1.72	0
1.73	0
1.74	0
1.75	0
1.76	0
1.77	0
1.78	0
1.79	0
1.8	0
1.81	0
1.82	0
1.83	0
1.84	0
1.85	0
1.86	0
1.87	0
1.88	0
1.89	0
1.9	0
1.91	0
1.92	0
1.93	0
1.94	0
1.95	0
1.96	0
1.97	0
1.98	0
1.99	0
2	0.00830775
2.01	0.166841
2.02	0.266263
2.03	0.288358
2.04	0.253262
2.05	0.245199
2.06	0.20506
2.07	0.154118
2.08	0.105427
2.09	0.0283045
2.1	0.0475864
2.11	0.035344
2.12	0.0190509
2.13	0.0252456
2.14	-0.0221305
2.15	0.025485
2.16	0.0309138
2.17	0.0266914
2.18	0.0402003
2.19	-0.0170693
2.2	0.0182807
2.21	0.0482128
2.22	0.0360432
2.23	0.0322115
2.24	0.0122154
2.25	0.0451454
2.26	0.0361685
2.27	0.0114505
2.28	0.0137929
2.29	0.0091919
2.3	0.0278813
2.31	0.0343659
2.32	0.018451
2.33	0.00161267
2.34	-0.00659981
2.35	0.0215555
2.36	0.016708
2.37	-0.00443858
2.38	0.0132112
2.39	0.00952904
2.4	0.00993467
2.41	-0.0302096
2.42	-0.0112888
2.43	0.0215304
2.44	0.0217552
2.45	0.0461773
2.46	0.0462583
2.47	0.0479474
2.48	0.0759556
2.49	0.0910252
2.5	0.122636
2.51	0.0768136
2.52	0.0215408
2.53	0.0248134
2.54	-0.0115827
2.55	-0.00319351
2.56	-0.0117769
2.57	-0.0271683
2.58	-0.014709
2.59	-0.0414744
2.6	-0.00375811
2.61	0.0320782
2.62	0.0286803
2.63	0.115322
2.64	0.307346
2.65	0.344787
2.66	0.0873554
2.67	-0.184061
2.68	-0.264905
2.69	-0.230404
2.7	-0.0893433
2.71	0.0210977
2.72	0.0805166
2.73	0.123236
2.74	0.0785626
2.75	0.0817796
2.76	0.0817704
2.77	0.087516
2.78	0.120819
2.79	0.112623
2.8	0.102566
2.81	0.0920053
2.82	0.110212
2.83	0.155692
2.84	0.15335
2.85	0.203949
2.86	0.229356
2.87	0.207698
2.88	0.211673
2.89	0.183884
2.9	0.173509
2.91	0.142781
2.92	0.118755
2.93	0.100359
2.94	0.0249184
2.95	0.00792043
2.96	-0.00934001
2.97	-0.0161445
2.98	0.00763173
2.99	-0.0129628
3	0.00878296
3.01	-0.00407214
3.02	-0.0265589
3.03	-0.0106721
3.04	-0.0210966
3.05	-0.0142971
3.06	-0.0347897
3.07	-0.057587
3.08	-0.0266846
3.09	-0.0501106
3.1	-0.050543
3.11	-0.0600852
3.12	-0.0432709
3.13	-0.0213673
3.14	-0.068934
3.15	-0.0736471
3.16	-0.0796895
3.17	-0.0779172
3.18	-0.0615223
3.19	-0.0814833
3.2	-0.0698198
3.21	-0.0823017
3.22	-0.0775427
3.23	-0.0439361
3.24	-0.0754222
3.25	-0.0894848
3.26	-0.0872983
3.27	-0.0741493
3.28	-0.0686515
3.29	-0.072164
3.3	-0.0086671
3.31	0.0170023
3.32	0.0460611
3.33	0.0888561
3.34	0.0508706
3.35	0.00831772
3.36	0.00534439
3.37	-0.00242646
3.38	8.98921e-05
3.39	-0.0406027
3.4	-0.0558348
3.41	-0.0767891
3.42	-0.11392
3.43	-0.0787706
3.44	-0.0560819
3.45	-0.0340099
3.46	-0.00291393
3.47	0.161226
3.48	0.334058
3.49	0.150672
3.5	-0.164414
3.51	-0.370841
3.52	-0.370462
3.53	-0.209437
3.54	-0.107706
3.55	-0.0286074
3.56	0.00461122
3.57	0.00322487
3.58	0.0417323
3.59	0.0424401
3.6	0.0458644
3.61	0.040385
3.62	0.0297396
3.63	0.050001
3.64	0.0201526
3.65	0.00887482
3.66	0.0139679
3.67	0.0605292
3.68	0.122648
3.69	0.100988
3.7	0.100718
3.71	0.130444
3.72	0.117131
3.73	0.125522
3.74	0.102319
3.75	0.0954523
3.76	0.0517856
3.77	0.00205041
3.78	0.00549618
3.79	-0.0307712
3.8	-0.0476614
3.81	-0.0339091
3.82	-0.0181472
3.83	0.00950208
3.84	-0.0196403
3.85	-0.0148888
3.86	-0.00608173
3.87	-0.0285571
3.88	-0.020903
3.89	-0.000332628
3.9	0.0269168
3.91	0.00824437
3.92	-0.00269565
3.93	0.0283971
3.94	-0.0023918
3.95	-0.0264289
3.96	-0.0247869
3.97	-0.00141703
3.98	0.0388622
3.99	0.0274351
4	0.0236993
4.01	-0.0026178
4.02	-0.0405902
4.03	-0.013502
4.04	-0.00535896
4.05	0.0287
4.06	0.036527
4.07	0.00473467
4.08	-0.00339762
4.09	-0.0623047
4.1	-0.048549
4.11	-0.00255881
4.12	0.00532088
4.13	0.0226347
4.14	0.00277713
4.15	0.000658239
4.16	-0.00214311
4.17	0.00676377
4.18	0.077635
4.19	0.0958521
4.2	0.0921836
4.21	0.0529295
4.22	0.00171687
4.23	5.15931e-06
4.24	-0.0358595
4.25	-0.0390429
4.26	-0.052568
4.27	-0.0747839
4.28	-0.0489162
4.29	-0.0725535
4.3	-0.0831324
4.31	-0.0882899
4.32	-0.0438248
4.33	0.136195
4.34	0.283743
4.35	0.160217
4.36	-0.161591
4.37	-0.409342
4.38	-0.398426
4.39	-0.288994
4.4	-0.139375
4.41	-0.061842
4.42	-0.0605634
4.43	-0.0530817
4.44	-0.0625593
4.45	-0.025495
4.46	0.00797537
4.47	0.0182795
4.48	0.0333874
4.49	0.000377722
4.5	-0.00278316
4.51	0.0314823
4.52	0.0829482
4.53	0.130652
4.54	0.124979
4.55	0.136748
4.56	0.142834
4.57	0.155098
4.58	0.201262
4.59	0.168611
4.6	0.132669
4.61	0.10692
4.62	0.0679614
4.63	0.0637079
4.64	0.0198368
4.65	-0.00551975
4.66	-0.0145141
4.67	-0.0125574
4.68	0.0232679
4.69	0.00462494
4.7	0.0154765
4.71	0.0140646
4.72	0.00228154
4.73	0.0370809
4.74	0.0215534
4.75	0.0319546
4.76	0.0274769
4.77	-0.00348189
4.78	0.0233719
4.79	0.0158498
4.8	0.0290251
4.81	0.0172045
4.82	-0.00707797
4.83	0.0180521
4.84	-0.0176694
4.85	-0.0219587
4.86	0.000138577
4.87	-0.00894702
4.88	0.000641568
4.89	-0.0263446
4.9	-0.0408588
4.91	-0.0330256
4.92	-0.0207167
4.93	-0.00687099
4.94	-0.0565188
4.95	-0.0710678
4.96	-0.0780085
4.97	-0.106447
4.98	-0.0855757
4.99	-0.0872716
5	-0.0654699
5.01	-0.0428414
5.02	-0.0324857
5.03	0.0276344
5.04	0.0446889
5.05	0.0368797
5.06	-0.00799734
5.07	-0.0488313
5.08	-0.0587767
5.09	-0.110964
5.1	-0.116421
5.11	-0.12511
5.12	-0.1515
5.13	-0.12266
5.14	-0.136554
5.15	-0.12484
5.16	-0.121338
5.17	-0.153107
5.18	-0.0683183
5.19	0.130161
5.2	0.157068
5.21	-0.122785
5.22	-0.436292
5.23	-0.524636
5.24	-0.447855
5.25	-0.291979
5.26	-0.185521
5.27	-0.159379
5.28	-0.118044
5.29	-0.115594
5.3	-0.0863898
5.31	-0.0681102
5.32	-0.0811905
5.33	-0.0547686
5.34	-0.0604452
5.35	-0.0260433
5.36	0.00130705
5.37	0.0249878
5.38	0.072007
5.39	0.0585367
5.4	0.0882922
5.41	0.133126
5.42	0.136662
5.43	0.152565
5.44	0.136341
5.45	0.141675
5.46	0.111231
5.47	0.0581181
5.48	0.0513493
5.49	0.0137207
5.5	0.0183161
5.51	-0.00393876
5.52	-0.031653
5.53	0.00196464
5.54	-0.00845282
5.55	-0.0116043
5.56	-0.0130376
5.57	-0.0197402
5.58	0.0171693
5.59	-0.00238418
5.6	-0.00128175
5.61	-0.00463005
5.62	-0.0227481
5.63	-0.00678506
5.64	-0.0235475
5.65	-0.00894155
5.66	-0.0136123
5.67	-0.0371414
5.68	-0.0222112
5.69	-0.00770527
5.7	0.0244468
5.71	0.0153221
5.72	-0.0242229
5.73	-0.019631
5.74	-0.0396371
5.75	-0.039815
5.76	-0.0370886
5.77	-0.0394794
5.78	-0.00240781
5.79	-0.0166111
5.8	-0.02129
5.81	-0.0313171
5.82	-0.0509783
5.83	-0.0173567
5.84	-0.0246202
5.85	-0.0223034
5.86	-0.0159322
5.87	-0.00679216
5.88	0.0494629
5.89	0.0582484
5.9	0.0801319
5.91	0.0770753
5.92	0.0318087
5.93	0.0190306
5.94	-0.016248
5.95	-0.0279962
5.96	-0.0396231
5.97	-0.0658521
5.98	-0.0485913
5.99	-0.0708527
6	-0.0725274
6.01	-0.0591566
6.02	-0.0562974
6.03	-0.0124509
6.04	0.142141
6.05	0.301223
6.06	0.154439
6.07	-0.173964
6.08	-0.389283
6.09	-0.415138
6.1	-0.247568
6.11	-0.105438
6.12	-0.061523
6.13	0.00660283
6.14	0.0311499
6.15	0.0652266
6.16	0.0729691
6.17	0.0542564
6.18	0.100188
6.19	0.119557
6.2	0.161477
6.21	0.19088
6.22	0.177667
6.23	0.208867
6.24	0.225179
6.25	0.26698
6.26	0.304875
6.27	0.317848
6.28	0.355878
6.29	0.311268
6.3	0.297247
6.31	0.312188
6.32	0.274412
6.33	0.25739
6.34	0.201067
6.35	0.169145
6.36	0.135795
6.37	0.0956355
6.38	0.076242
6.39	0.0550796
6.4	0.0737732
6.41	0.0730125
6.42	0.0436057
6.43	0.0485664
6.44	0.0127168
6.45	-0.0102885
6.46	-0.0301369
6.47	-0.074905
6.48	-0.0775011
6.49	-0.114575
6.5	-0.113272
6.51	-0.103405
6.52	-0.113781
6.53	-0.0967206
6.54	-0.122755
6.55	-0.104686
6.56	-0.0881426
6.57	-0.103603
6.58	-0.089078
6.59	-0.0938192
6.6	-0.0514517
6.61	-0.0335496
6.62	-0.0532969
6.63	-0.0405111
6.64	-0.0608581
6.65	-0.0423439
6.66	-0.0268098
6.67	-0.0589035
6.68	-0.0539797
6.69	-0.0858134
6.7	-0.0992086
6.71	-0.105214
6.72	-0.113001
6.73	-0.0497928
6.74	-0.0245513
6.75	0.016882
6.76	0.0178905
6.77	-0.0119979
6.78	-0.0120219
6.79	-0.0562483
6.8	-0.0782891
6.81	-0.0933075
6.82	-0.121985
6.83	-0.123212
6.84	-0.162379
6.85	-0.122156
6.86	-0.0966253
6.87	-0.122244
6.88	-0.10516
6.89	-0.0507468
6.9	0.179671
6.91	0.242638
6.92	-0.0233948
6.93	-0.287815
6.94	-0.441923
6.95	-0.382308
6.96	-0.218136
6.97	-0.1108
6.98	-0.0249554
6.99	-0.0178857
7	-0.0169253
7.01	-0.0270105
7.02	-0.00397883
7.03	0.0560326
7.04	0.0367697
7.05	0.0487166
7.06	0.0667777
7.07	0.073866
7.08	0.0920688
7.09	0.0883574
7.1	0.148699
7.11	0.186192
7.12	0.182386
7.13	0.207964
7.14	0.194272
7.15	0.19713
7.16	0.213822
7.17	0.216417
7.18	0.220569
7.19	0.161928
7.2	0.128425
7.21	0.114649
7.22	0.130159
7.23	0.173147
7.24	0.152332
7.25	0.144037
7.26	0.12563
7.27	0.0855261
7.28	0.0848149
7.29	0.059206
7.3	0.101735
7.31	0.128853
7.32	0.111835
7.33	0.133378
7.34	0.110498
7.35	0.101884
7.36	0.115282
7.37	0.13032
7.38	0.149612
7.39	0.0752207
7.4	0.040732
7.41	0.0142756
7.42	-0.0520492
7.43	-0.0804059
7.44	-0.12996
7.45	-0.103151
7.46	-0.0938651
7.47	-0.141805
7.48	-0.12004
7.49	-0.137218
7.5	-0.125877
7.51	-0.116987
7.52	-0.121693
7.53	-0.0613612
7.54	-0.0529496
7.55	-0.0427642
7.56	-0.029149
7.57	-0.0312084
7.58	0.0304802
7.59	0.0376812
7.6	0.0576736
7.61	0.0557566
7.62	-0.028055
7.63	-0.0711086
7.64	-0.128202
7.65	-0.148544
7.66	-0.163777
7.67	-0.196507
7.68	-0.163958
7.69	-0.161929
7.7	-0.131489
7.71	-0.0750191
7.72	-0.0634876
7.73	-0.0275667
7.74	0.0123941
7.75	0.210809
7.76	0.265707
7.77	0.0349075
7.78	-0.192301
7.79	-0.338056
7.8	-0.285504
7.81	-0.163657
7.82	-0.109696
7.83	-0.0743179
7.84	-0.12113
7.85	-0.123233
7.86	-0.10925
7.87	-0.119187
7.88	-0.0451915
7.89	-0.0334251
7.9	0.0324669
7.91	0.115456
7.92	0.142379
7.93	0.174521
7.94	0.163817
7.95	0.189568
7.96	0.198149
7.97	0.16151
7.98	0.192093
7.99	0.185149
8	0.19682
8.01	0.187982
8.02	0.13678
8.03	0.138921
8.04	0.0805845
8.05	0.0575853
8.06	0.0645057
8.07	0.0412551
8.08	0.0591616
8.09	0.0323109
8.1	0.0453019
8.11	0.0665763
8.12	0.0403945
8.13	0.0492977
8.14	0.0283145
8.15	0.0436342
8.16	0.0534971
8.17	0.0200664
8.18	0.0463929
8.19	0.026976
8.2	0.012824
8.21	-0.0261301
8.22	-0.0593158
8.23	-0.0266739
8.24	-0.0935534
8.25	-0.0782094
8.26	-0.019364
8.27	-0.0664579
8.28	-0.0241629
8.29	0.00375427
8.3	0.0156658
8.31	-0.0174514
8.32	-0.0525787
8.33	-0.0278466
8.34	-0.0716905
8.35	-0.0882386
8.36	-0.0636335
8.37	-0.0801821
8.38	-0.0962714
8.39	-0.145647
8.4	-0.0654553
8.41	0.0304304
8.42	0.0457767
8.43	0.07148
8.44	0.0393323
8.45	0.027842
8.46	0.00325525
8.47	-0.0683816
8.48	-0.0848811
8.49	-0.111636
8.5	-0.117585
8.51	-0.142382
8.52	-0.166781
8.53	-0.116772
8.54	-0.119854
8.55	-0.111671
8.56	-0.090092
8.57	-0.0110948
8.58	0.226235
8.59	0.200518
8.6	-0.0458538
8.61	-0.292462
8.62	-0.410234
8.63	-0.302287
8.64	-0.1625
8.65	-0.0371311
8.66	0.0225974
8.67	0.00882271
8.68	0.0379378
8.69	0.0342177
8.7	0.0599221
8.71	0.075871
8.72	0.0410862
8.73	0.0535496
8.74	0.0565199
8.75	0.0775153
8.76	0.0917099
8.77	0.0953571
8.78	0.142528
8.79	0.150445
8.8	0.170791
8.81	0.182363
8.82	0.15807
8.83	0.185724
8.84	0.173291
8.85	0.148202
8.86	0.116672
8.87	0.0663533
8.88	0.0510173
8.89	0.00324426
8.9	-0.00905098
8.91	-0.0154966
8.92	-0.0505838
8.93	-0.0383518
8.94	-0.0599233
8.95	-0.0556646
8.96	-0.0460565
8.97	-0.0657893
8.98	-0.0352241
8.99	-0.046875
9	-0.0523844
9.01	-0.0480713
9.02	-0.0576917
9.03	-0.0212808
9.04	-0.0349398
9.05	-0.0345711
9.06	-0.0161633
9.07	-0.0230609
9.08	0.0061665
9.09	-0.013415
9.1	-0.00228441
9.11	0.0172419
9.12	-0.0187995
9.13	-0.0125308
9.14	-0.036053
9.15	-0.0345269
9.16	-0.0181075
9.17	-0.0216944
9.18	0.0131713
9.19	-0.00455484
9.2	0.0143324
9.21	0.0562699
9.22	0.0714207
9.23	0.122847
9.24	0.107009
9.25	0.0806411
9.26	0.0511128
9.27	0.0119196
9.28	0.0196794
9.29	-0.0221687
9.3	-0.0370046
9.31	-0.0388928
9.32	-0.0772947
9.33	-0.0576707
9.34	-0.0564536
9.35	-0.0379942
9.36	-0.0223197
9.37	0.0509706
9.38	0.280894
9.39	0.246903
9.4	-0.0256138
9.41	-0.292797
9.42	-0.412433
9.43	-0.313279
9.44	-0.186545
9.45	-0.0847073
9.46	-0.0394265
9.47	-0.0441572
9.48	-0.0201243
9.49	-0.0483815
9.5	-0.0594247
9.51	-0.0517527
9.52	-0.0589772
9.53	-0.0165173
9.54	-0.0121293
9.55	0.0238415
9.56	0.0747224
9.57	0.097794
9.58	0.164648
9.59	0.188018
9.6	0.229349
9.61	0.2476
9.62	0.221158
9.63	0.2373
9.64	0.193971
9.65	0.142925
9.66	0.083087
9.67	-0.000201461
9.68	-0.052842
9.69	-0.128438
9.7	-0.158915
9.71	-0.178362
9.72	-0.203528
9.73	-0.159378
9.74	-0.153024
9.75	-0.132001
9.76	-0.105314
9.77	-0.105563
9.78	-0.0615892
9.79	-0.0634476
9.8	-0.0529692
9.81	-0.0386901
9.82	-0.0552775
9.83	-0.0225575
9.84	-0.042568
9.85	-0.0469901
9.86	-0.0441676
9.87	-0.0812283
9.88	-0.0712974
9.89	-0.0926718
9.9	-0.0888419
9.91	-0.0709223
9.92	-0.0979243
9.93	-0.0752577
9.94	-0.0834593
9.95	-0.0788261
9.96	-0.0676835
9.97	-0.076818
9.98	-0.0232624
9.99	0.00701405
10	0.0508457
10.01	0.0625263
10.02	0.024096
10.03	0.0267372
10.04	-0.0219783
10.05	-0.034904
10.06	-0.0347828
10.07	-0.0717123
10.08	-0.0559353
10.09	-0.0741978
10.1	-0.0646933
10.11	-0.0440648
10.12	-0.0608543
10.13	-0.0252501
10.14	0.0843533
10.15	0.283456
10.16	0.219305
10.17	-0.0927686
10.18	-0.321645
10.19	-0.395299
10.2	-0.27356
10.21	-0.105852
10.22	-0.0308826
10.23	0.029806
10.24	0.0243838
10.25	0.0526468
10.26	0.0956907
10.27	0.0674934
10.28	0.0847503
10.29	0.0857338
10.3	0.0950206
10.31	0.116509
10.32	0.100478
10.33	0.141747
10.34	0.157512
10.35	0.181834
10.36	0.22486
10.37	0.212532
10.38	0.239581
10.39	0.227406
10.4	0.204121
10.41	0.19908
10.42	0.144882
10.43	0.126323
10.44	0.0801745
10.45	0.0458586
10.46	0.0430225
10.47	0.00762436
10.48	0.0253698
10.49	0.00856779
10.5	0.000793482
10.51	0.0214909
10.52	-0.000119316
10.53	0.0201397
10.54	0.0106229
10.55	0.0052708
10.56	0.0221576
10.57	-0.00327226
10.58	0.0171431
10.59	-0.00121671
10.6	-0.0177039
10.61	-0.00270792
10.62	-0.0240093
10.63	-0.00390428
10.64	-0.0108234
10.65	-0.0179884
10.66	-0.00320802
10.67	-0.0331009
10.68	-0.0285613
10.69	-0.0438432
10.7	-0.0412592
10.71	-0.0223481
10.72	-0.0449682
10.73	-0.0170547
10.74	-0.0107187
10.75	0.0104129
10.76	0.0633301
10.77	0.0614458
10.78	0.0785641
10.79	0.0490485
10.8	0.0121139
10.81	0.0018944
10.82	-0.0435084
10.83	-0.0457223
10.84	-0.0664292
10.85	-0.0741671
10.86	-0.0557594
10.87	-0.0777823
10.88	-0.0569628
10.89	-0.0661552
10.9	-0.0356253
10.91	0.149887
10.92	0.257575
10.93	0.115267
10.94	-0.184873
10.95	-0.384276
10.96	-0.363586
10.97	-0.25444
10.98	-0.102317
10.99	-0.0356914
11	-0.0190767
11.01	0.00605277
11.02	-0.00762881
11.03	0.0200082
11.04	0.0212016
11.05	0.0366031
11.06	0.0665511
11.07	0.0467667
11.08	0.0733448
11.09	0.0765241
11.1	0.0847629
11.11	0.128952
11.12	0.131465
11.13	0.173245
11.14	0.176166
11.15	0.174752
11.16	0.188853
11.17	0.142638
11.18	0.138313
11.19	0.0928254
11.2	0.043023
11.21	0.0373138
11.22	-0.00631791
11.23	-0.00943451
11.24	-0.0323093
11.25	-0.0427006
11.26	-0.016194
11.27	-0.0402993
11.28	-0.0244008
11.29	-0.0344903
11.3	-0.0296236
11.31	-0.000795878
11.32	-0.0207823
11.33	-0.00536372
11.34	-0.0245703
11.35	-0.029082
11.36	-0.00186273
11.37	-0.0279337
11.38	-0.0180338
11.39	-0.0306244
11.4	-0.0277429
11.41	0.00226216
11.42	-0.0243973
11.43	-0.022645
11.44	-0.0342418
11.45	-0.0411113
11.46	-0.0299286
11.47	-0.0582586
11.48	-0.0427816
11.49	-0.0478406
11.5	-0.0437396
11.51	-0.0203482
11.52	-0.0289395
11.53	0.0165257
11.54	0.0379348
11.55	0.0508833
11.56	0.0694002
11.57	0.020117
11.58	0.00305741
11.59	-0.0376747
11.6	-0.0573876
11.61	-0.0473578
11.62	-0.0774086
11.63	-0.0592721
11.64	-0.0766422
11.65	-0.0851414
11.66	-0.0603283
11.67	-0.0810374
11.68	-0.0256021
11.69	0.136612
11.7	0.260282
11.71	0.109911
11.72	-0.210168
11.73	-0.383452
11.74	-0.379098
11.75	-0.250692
11.76	-0.104559
11.77	-0.0566106
11.78	-0.00992151
11.79	-0.00728064
11.8	-0.00683691
11.81	0.0216507
11.82	0.0122651
11.83	0.039575
11.84	0.0358542
11.85	0.0415234
11.86	0.0780988
11.87	0.0741921
11.88	0.115186
11.89	0.132944
11.9	0.153496
11.91	0.185626
11.92	0.165672
11.93	0.194769
11.94	0.190255
11.95	0.159015
11.96	0.14322
11.97	0.0901406
11.98	0.071351
11.99	0.0223094
12	-0.0150821
12.01	-0.00795551
12.02	-0.0374113
12.03	-0.0198398
12.04	-0.036373
12.05	-0.0486759
12.06	-0.0209682
12.07	-0.0391251
12.08	-0.0161677
12.09	-0.0200744
12.1	-0.0284856
12.11	-0.0103346
12.12	-0.0289226
12.13	-0.0116177
12.14	-0.0264853
12.15	-0.0366733
12.16	-0.0168929
12.17	-0.0338641
12.18	-0.00812459
12.19	-0.0234379
12.2	-0.0400268
12.21	-0.0226847
12.22	-0.0482126
12.23	-0.0299752
12.24	-0.0352432
12.25	-0.048994
12.26	-0.0360769
12.27	-0.0600344
12.28	-0.0339968
12.29	-0.0395998
12.3	-0.0575345
12.31	-0.0419235
12.32	-0.050785
12.33	0.000934791
12.34	0.0306078
12.35	0.0452936
12.36	0.0633682
12.37	0.0234185
12.38	0.0163732
12.39	-0.0206532
12.4	-0.0539166
12.41	-0.0545725
12.42	-0.0840761
12.43	-0.0646473
12.44	-0.0669875
12.45	-0.0772174
12.46	-0.0608945
12.47	-0.0814203
12.48	-0.0470247
12.49	0.0720094
12.5	0.25533
12.51	0.185422
12.52	-0.138418
12.53	-0.358629
12.54	-0.406299
12.55	-0.298506
12.56	-0.138572
12.57	-0.0693068
12.58	-0.0125048
12.59	-0.00499077
12.6	0.00031171
12.61	0.0322381
12.62	0.0168023
12.63	0.0469896
12.64	0.0428048
12.65	0.0443538
12.66	0.0849211
12.67	0.0815298
12.68	0.117193
12.69	0.136017
12.7	0.159873
12.71	0.199712
12.72	0.180418
12.73	0.201438
12.74	0.201209
12.75	0.186541
12.76	0.175507
12.77	0.1131
12.78	0.0942078
12.79	0.0548522
12.8	0.0152064
12.81	0.00513393
12.82	-0.0338244
12.83	-0.0173777
12.84	-0.0185156
12.85	-0.0247527
12.86	-0.0136465
12.87	-0.0406533
12.88	-0.0146255
12.89	-0.0209199
12.9	-0.0400171
12.91	-0.0244823
12.92	-0.0426827
12.93	-0.0107163
12.94	-0.00780723
12.95	-0.0193414
12.96	-0.011227
12.97	-0.0440442
12.98	-0.0293295
12.99	-0.0353822
13	-0.0421552
13.01	-0.0211543
13.02	-0.0414446
13.03	-0.0277223
13.04	-0.0404667
13.05	-0.0492737
13.06	-0.0319945
13.07	-0.0597688
13.08	-0.0363113
13.09	-0.0396298
13.1	-0.058197
13.11	-0.037675
13.12	-0.0526783
13.13	-0.0385031
13.14	-0.0427307
13.15	-0.0199506
13.16	0.03872
13.17	0.0451733
13.18	0.0703153
13.19	0.0353057
13.2	-0.00821407
13.21	-0.00263695
13.22	-0.030486
13.23	-0.035485
13.24	-0.065448
13.25	-0.0875571
13.26	-0.073055
13.27	-0.0892874
13.28	-0.0704087
13.29	-0.0704711
13.3	-0.068457
13.31	-0.00114901
13.32	0.151361
13.33	0.258971
13.34	0.0489706
13.35	-0.249209
13.36	-0.392379
13.37	-0.38051
13.38	-0.214532
13.39	-0.0984774
13.4	-0.0468436
13.41	-0.00555742
13.42	-0.0133422
13.43	0.0189016
13.44	0.0242591
13.45	0.0241794
13.46	0.0481565
13.47	0.0360151
13.48	0.067827
13.49	0.0783579
13.5	0.0856801
13.51	0.120612
13.52	0.128853
13.53	0.18172
13.54	0.193277
13.55	0.195108
13.56	0.221901
13.57	0.190196
13.58	0.188248
13.59	0.154236
13.6	0.106598
13.61	0.0950052
13.62	0.0508814
13.63	0.0329879
13.64	-0.00196631
13.65	-0.0238495
13.66	-0.00163115
13.67	-0.0212983
13.68	-0.00304241
13.69	-0.007282
13.7	-0.016554
13.71	0.00263408
13.72	-0.0179096
13.73	-0.000122881
13.74	-0.00960488
13.75	-0.0200667
13.76	0.00112366
13.77	-0.0143944
13.78	0.0036098
13.79	-0.0105043
13.8	-0.0218759
13.81	0.000979287
13.82	-0.0191942
13.83	-0.0110143
13.84	-0.0305277
13.85	-0.0474887
13.86	-0.0330911
13.87	-0.0541493
13.88	-0.0334882
13.89	-0.0392037
13.9	-0.0425556
13.91	-0.0190395
13.92	-0.0452837
13.93	-0.0333734
13.94	-0.0416311
13.95	-0.0442145
13.96	-0.0190948
13.97	-0.0486275
13.98	-0.0303971
13.99	-0.00840061
14	0.0178436
14.01	0.0672024
14.02	0.0633157
14.03	0.0768241
14.04	0.0500308
14.05	0.00994854
14.06	-0.00156528
14.07	-0.0448626
14.08	-0.0426667
14.09	-0.0631148
14.1	-0.0733021
14.11	-0.0539084
14.12	-0.0755953
14.13	-0.0510605
14.14	-0.050895
14.15	-0.0475529
14.16	0.0607936
14.17	0.23308
14.18	0.239803
14.19	-0.0397614
14.2	-0.317906
14.21	-0.391874
14.22	-0.331812
14.23	-0.161062
14.24	-0.0572681
14.25	-0.0229087
14.26	0.010385
14.27	-0.00262031
14.28	0.0309295
14.29	0.0400714
14.3	0.0364122
14.31	0.060335
14.32	0.0456261
14.33	0.0747564
14.34	0.0845644
14.35	0.104558
14.36	0.157258
14.37	0.159387
14.38	0.190108
14.39	0.202452
14.4	0.207245
14.41	0.229633
14.42	0.194213
14.43	0.187444
14.44	0.157109
14.45	0.116772
14.46	0.0906292
14.47	0.0279767
14.48	0.023857
14.49	0.00676828
14.5	-0.00909837
14.51	0.00573982
14.52	-0.0169765
14.53	-0.000800749
14.54	-0.00654327
14.55	-0.0143476
14.56	0.0120265
14.57	-0.0131511
14.58	-0.00144461
14.59	-0.00523888
14.6	-0.0077014
14.61	0.0115598
14.62	-0.0204134
14.63	-0.00787491
14.64	-0.0121861
14.65	-0.0201782
14.66	-0.0055532
14.67	-0.0306179
14.68	-0.0127641
14.69	-0.0242108
14.7	-0.0412075
14.71	-0.0290528
14.72	-0.0557655
14.73	-0.0273928
14.74	-0.0309792
14.75	-0.0486388
14.76	-0.0364155
14.77	-0.0597398
14.78	-0.04034
14.79	-0.0452654
14.8	-0.0572775
14.81	-0.0374224
14.82	-0.0537261
14.83	-0.0184276
14.84	-0.00031709
14.85	0.0106956
14.86	0.0546477
14.87	0.0561752
14.88	0.0751048
14.89	0.0475607
14.9	0.00865124
14.91	0.00362691
14.92	-0.0379435
14.93	-0.033759
14.94	-0.0550257
14.95	-0.07783
14.96	-0.0615786
14.97	-0.0767984
14.98	-0.0493081
14.99	-0.0557872
15	-0.0574192
15.01	0.0398241
15.02	0.215825
15.03	0.247048
15.04	-0.0235064
15.05	-0.318657
15.06	-0.405949
15.07	-0.347749
15.08	-0.177658
15.09	-0.0736415
15.1	-0.0323199
15.11	0.00954212
15.12	-0.00264569
15.13	0.020283
15.14	0.0222761
15.15	0.0245387
15.16	0.0527536
15.17	0.0356587
15.18	0.0677454
15.19	0.0870243
15.2	0.102379
15.21	0.142125
15.22	0.135545
15.23	0.175233
15.24	0.194738
15.25	0.203163
15.26	0.232976
15.27	0.198908
15.28	0.182999
15.29	0.152604
15.3	0.113168
15.31	0.0922535
15.32	0.0287082
15.33	0.0200933
15.34	0.00177382
15.35	-0.0212044
15.36	-0.00926237
15.37	-0.0334009
15.38	-0.00964906
15.39	-0.00241518
15.4	-0.00995998
15.41	0.00635854
15.42	-0.0217414
15.43	-0.0126479
15.44	-0.0227349
15.45	-0.0341972
15.46	-0.00667932
15.47	-0.0216275
15.48	0.00190516
15.49	-0.00354881
15.5	-0.0168509
15.51	-0.0101072
15.52	-0.0489685
15.53	-0.0341916
15.54	-0.032214
15.55	-0.0385283
15.56	-0.0156647
15.57	-0.041153
15.58	-0.0284056
15.59	-0.0373044
15.6	-0.0545934
15.61	-0.0407627
15.62	-0.0605939
15.63	-0.0324432
15.64	-0.0311713
15.65	-0.0411139
15.66	-0.0254351
15.67	-0.0586469
15.68	-0.0458398
15.69	-0.043314
15.7	-0.0373169
15.71	0.00716619
15.72	0.0108768
15.73	0.0547754
15.74	0.0668387
15.75	0.0466577
15.76	0.0368204
15.77	-0.0111993
15.78	-0.0135516
15.79	-0.0368805
15.8	-0.068324
15.81	-0.0673272
15.82	-0.0980063
15.83	-0.0800303
15.84	-0.0831081
15.85	-0.0884832
15.86	-0.0580575
15.87	-0.0531107
15.88	0.0981407
15.89	0.264448
15.9	0.136546
15.91	-0.153401
15.92	-0.409228
15.93	-0.419854
15.94	-0.293199
15.95	-0.151354
15.96	-0.0467716
15.97	-0.0423073
15.98	-0.013446
15.99	-0.00126704
16	0.000777658
16.01	0.0269873
16.02	0.0128806
16.03	0.044675
16.04	0.0554035
16.05	0.050716
16.06	0.0816325
16.07	0.0819231
16.08	0.125536
16.09	0.142509
16.1	0.153764
16.11	0.198475
16.12	0.182691
16.13	0.191358
16.14	0.173197
16.15	0.142788
16.16	0.135541
16.17	0.0799139
16.18	0.0667196
16.19	0.0341144
16.2	-0.00952317
16.21	-0.0118433
16.22	-0.0378902
16.23	-0.0180156
16.24	-0.0248882
16.25	-0.0343613
16.26	-0.0125498
16.27	-0.0435951
16.28	-0.0366212
16.29	-0.0381038
16.3	-0.0404818
16.31	-0.0111883
16.32	-0.0324598
16.33	-0.021374
16.34	-0.0277109
16.35	-0.0420179
16.36	-0.0303887
16.37	-0.0546695
16.38	-0.0348545
16.39	-0.0371217
16.4	-0.0441861
16.41	-0.0225535
16.42	-0.0535278
16.43	-0.0458878
16.44	-0.0504053
16.45	-0.063194
16.46	-0.0402976
16.47	-0.0626489
16.48	-0.0422905
16.49	-0.0360543
16.5	-0.0525975
16.51	-0.0436388
16.52	-0.0693835
16.53	-0.0492915
16.54	-0.0487132
16.55	-0.0566612
16.56	-0.0368073
16.57	-0.0522585
16.58	-0.00871394
16.59	0.0214616
16.6	0.0387411
16.61	0.0887939
16.62	0.0666481
16.63	0.0597674
16.64	0.0296798
16.65	-0.0149429
16.66	-0.0264161
16.67	-0.0683409
16.68	-0.0593114
16.69	-0.0595773
16.7	-0.0673973
16.71	-0.0480944
16.72	-0.0689886
16.73	-0.0467487
16.74	-0.040871
16.75	0.0533719
16.76	0.275303
16.77	0.205038
16.78	-0.0683281
16.79	-0.32696
16.8	-0.410197
16.81	-0.288536
16.82	-0.158804
16.83	-0.0420997
16.84	-0.00225577
16.85	0.000946756
16.86	0.0361161
16.87	0.0274264
16.88	0.0544688
16.89	0.0624489
16.9	0.0589154
16.91	0.0904183
16.92	0.0807754
16.93	0.112335
16.94	0.127012
16.95	0.133791
16.96	0.17867
16.97	0.186563
16.98	0.219312
16.99	0.221143
17	0.211963
17.01	0.22621
17.02	0.17712
17.03	0.157414
17.04	0.121705
17.05	0.0784214
17.06	0.0725838
17.07	0.0251108
17.08	0.0298583
17.09	0.019917
17.1	-0.00659761
17.11	0.00569429
17.12	-0.00828914
17.13	0.0140558
17.14	0.00840833
17.15	-0.00955707
17.16	0.00786165
17.17	-0.0153925
17.18	0.000228311
17.19	-0.00327865
17.2	-0.0212025
17.21	-0.00232621
17.22	-0.0255617
17.23	-0.010186
17.24	-0.0122262
17.25	-0.0314247
17.26	-0.0117238
17.27	-0.0384405
17.28	-0.031305
17.29	-0.0342094
17.3	-0.0437973
17.31	-0.0209172
17.32	-0.0507408
17.33	-0.0241339
17.34	0.01772
17.35	-0.0202996
17.36	-0.0283403
17.37	-0.0604027
17.38	-0.0501535
17.39	-0.0457574
17.4	-0.0739586
17.41	-0.0522658
17.42	-0.0717897
17.43	-0.0620361
17.44	-0.0415573
17.45	-0.040729
17.46	0.00419107
17.47	0.00866004
17.48	0.0391663
17.49	0.0507998
17.5	0.0164303
17.51	0.0150572
17.52	-0.032119
17.53	-0.0527953
17.54	-0.0646153
17.55	-0.0997517
17.56	-0.0887926
17.57	-0.109556
17.58	-0.0971215
17.59	-0.0816981
17.6	-0.0955891
17.61	-0.0644224
17.62	0.0111231
17.63	0.214652
17.64	0.185414
17.65	-0.13162
17.66	-0.381301
17.67	-0.472404
17.68	-0.35929
17.69	-0.198348
17.7	-0.12036
17.71	-0.0542312
17.72	-0.0617952
17.73	-0.045473
17.74	-0.0178966
17.75	-0.0228406
17.76	0.0152091
17.77	0.0165375
17.78	0.0367768
17.79	0.0513381
17.8	0.0420603
17.81	0.0930699
17.82	0.101227
17.83	0.131149
17.84	0.165698
17.85	0.162226
17.86	0.204498
17.87	0.195807
17.88	0.19635
17.89	0.180986
17.9	0.134914
17.91	0.135977
17.92	0.0926606
17.93	0.0750242
17.94	0.0702044
17.95	0.0452127
17.96	0.07221
17.97	0.0504572
17.98	0.0554543
17.99	0.0688469
18	0.0515958
18.01	0.0776575
18.02	0.0633942
18.03	0.0729824
18.04	0.0768603
18.05	0.0545586
18.06	0.074389
18.07	0.0449264
18.08	0.0393058
18.09	0.0418306
18.1	0.0257538
18.11	0.0486587
18.12	0.0349394
18.13	0.0459744
18.14	0.0589163
18.15	0.0419577
18.16	0.0635401
18.17	0.0387111
18.18	0.0200172
18.19	0.00380111
18.2	-0.0441648
18.21	-0.0379214
18.22	-0.0689664
18.23	-0.0709483
18.24	-0.0655008
18.25	-0.0903323
18.26	-0.0670917
18.27	-0.0858814
18.28	-0.0784032
18.29	-0.0595089
18.3	-0.0612433
18.31	-0.0181969
18.32	-0.00292197
18.33	0.0666089
18.34	0.147541
18.35	0.188191
18.36	0.244885
18.37	0.224713
18.38	0.205351
18.39	0.181899
18.4	0.131502
18.41	0.138107
18.42	0.107711
18.43	0.0945097
18.44	0.0824739
18.45	0.0462858
18.46	0.0610472
18.47	0.0264904
18.48	0.0235924
18.49	0.14811
18.5	0.293476
18.51	0.192753
18.52	-0.153397
18.53	-0.407138
18.54	-0.445254
18.55	-0.352441
18.56	-0.195175
18.57	-0.140359
18.58	-0.120506
18.59	-0.109104
18.6	-0.118628
18.61	-0.0880255
18.62	-0.105058
18.63	-0.0963904
18.64	-0.0804521
18.65	-0.0957863
18.66	-0.0671467
18.67	-0.0686294
18.68	-0.041822
18.69	-0.00459095
18.7	0.00466985
18.71	0.05722
18.72	0.0595876
18.73	0.0715132
18.74	0.0846712
18.75	0.0628869
18.76	0.0712195
18.77	0.0299121
18.78	0.0131442
18.79	0.0092018
18.8	-0.0344186
18.81	-0.0362148
18.82	-0.0693862
18.83	-0.0692629
18.84	-0.0494537
18.85	-0.0646579
18.86	-0.0479904
18.87	-0.0677216
18.88	-0.0621838
18.89	-0.0538048
18.9	-0.0766889
18.91	-0.0537884
18.92	-0.0651285
18.93	-0.0499244
18.94	-0.0339423
18.95	-0.0560251
18.96	-0.0388034
18.97	-0.0551962
18.98	-0.0501542
18.99	-0.0373259
19	-0.0487935
19.01	-0.0192454
19.02	-0.044308
19.03	-0.0484889
19.04	-0.0382156
19.05	-0.0569455
19.06	-0.0310554
19.07	-0.0440063
19.08	-0.0373841
19.09	-0.0253424
19.1	-0.0477982
19.11	-0.0255605
19.12	-0.0422247
19.13	-0.0338862
19.14	-0.0239961
19.15	-0.0391233
19.16	-0.00785397
19.17	-0.0199145
19.18	-0.000841425
19.19	0.0332011
19.2	0.0384546
19.21	0.093041
19.22	0.0879573
19.23	0.0720702
19.24	0.0516567
19.25	-0.000200738
19.26	-0.00448607
19.27	-0.0447806
19.28	-0.0631593
19.29	-0.0624908
19.3	-0.083961
19.31	-0.0612999
19.32	-0.0779182
19.33	-0.0705421
19.34	-0.0387503
19.35	0.0777851
19.36	0.270225
19.37	0.128419
19.38	-0.178316
19.39	-0.394373
19.4	-0.430165
19.41	-0.268073
19.42	-0.134776
19.43	-0.043313
19.44	0.00217404
19.45	-0.0101056
19.46	0.0180337
19.47	0.00999919
19.48	0.0179144
19.49	0.0366596
19.5	0.0266067
19.51	0.0644295
19.52	0.0615033
19.53	0.0780831
19.54	0.106542
19.55	0.104038
19.56	0.15702
19.57	0.167263
19.58	0.186589
19.59	0.210263
19.6	0.188214
19.61	0.193726
19.62	0.158175
19.63	0.137284
19.64	0.112219
19.65	0.05407
19.66	0.0518182
19.67	0.0167405
19.68	0.00782213
19.69	0.0136807
19.7	-0.0110137
19.71	0.0133863
19.72	-0.00162614
19.73	-0.00834904
19.74	0.00149611
19.75	-0.011843
19.76	0.0130966
19.77	-0.00821027
19.78	-0.0145565
19.79	-0.01535
19.8	-0.0356908
19.81	-0.00744919
19.82	-0.0240755
19.83	-0.0257746
19.84	-0.0101392
19.85	-0.0342194
19.86	-0.0180458
19.87	-0.0432167
19.88	-0.0498427
19.89	-0.0422186
19.9	-0.0588392
19.91	-0.0311924
19.92	-0.0475461
19.93	-0.0490738
19.94	-0.0446151
19.95	-0.0646241
19.96	-0.0378883
19.97	-0.0566315
19.98	-0.0519104
19.99	-0.0268522
20	-0.0463255
20.01	-0.0326732
20.02	-0.0480486
20.03	-0.0307701
20.04	0.0123571
20.05	0.0270965
20.06	0.0839868
20.07	0.0781186
20.08	0.0616628
20.09	0.0414676
20.1	-0.00754456
20.11	-0.0149523
20.12	-0.0481305
20.13	-0.0529862
20.14	-0.047793
20.15	-0.0769652
20.16	-0.0553428
20.17	-0.061798
20.18	-0.0568662
20.19	-0.0462425
20.2	0.0224117
20.21	0.249179
20.22	0.225777
20.23	-0.0547908
20.24	-0.323928
20.25	-0.437359
20.26	-0.328849
20.27	-0.189676
20.28	-0.0815807
20.29	-0.0259937
20.3	-0.0246879
20.31	0.00795259
20.32	0.00585181
20.33	0.0172158
20.34	0.0363664
20.35	0.0295518
20.36	0.0641558
20.37	0.0760471
20.38	0.10032
20.39	0.125363
20.4	0.12809
20.41	0.172728
20.42	0.187744
20.43	0.202092
20.44	0.215018
20.45	0.20241
20.46	0.212185
20.47	0.184069
20.48	0.164055
20.49	0.142
20.5	0.0852465
20.51	0.0652979
20.52	0.0324993
20.53	0.0180556
20.54	0.010473
20.55	-0.0145219
20.56	-0.000954279
20.57	-0.00420973
20.58	0.00224722
20.59	0.00280402
20.6	-0.0176268
20.61	0.00584244
20.62	0.00185026
20.63	-0.00243155
20.64	-0.0051431
20.65	-0.0236888
20.66	-0.00128909
20.67	-0.0127138
20.68	-0.0174577
20.69	-0.0153005
20.7	-0.0346008
20.71	-0.0207953
20.72	-0.031064
20.73	-0.038287
20.74	-0.0470148
20.75	-0.0709138
20.76	-0.0488258
20.77	-0.0564873
20.78	-0.0569167
20.79	-0.0539738
20.8	-0.0678572
20.81	-0.0486105
20.82	-0.0636492
20.83	-0.0661073
20.84	-0.0560342
20.85	-0.0672191
20.86	-0.0499794
20.87	-0.0560104
20.88	-0.0316246
20.89	0.0135234
20.9	0.0371343
20.91	0.0744025
20.92	0.0531069
20.93	0.0281723
20.94	0.0164546
20.95	-0.0171063
20.96	-0.015735
20.97	-0.0420373
20.98	-0.0494858
20.99	-0.0420591
21	-0.0558937
21.01	-0.0398142
21.02	-0.0482868
21.03	-0.0380537
21.04	0.0618141
21.05	0.256115
21.06	0.270433
21.07	-0.025116
21.08	-0.319897
21.09	-0.418187
21.1	-0.339125
21.11	-0.162477
21.12	-0.07161
21.13	-0.0254532
21.14	0.00127793
21.15	-0.00676352
21.16	0.0165415
21.17	0.00444334
21.18	0.0154185
21.19	0.0418468
21.2	0.036132
21.21	0.0673481
21.22	0.0672838
21.23	0.0835531
21.24	0.114482
21.25	0.118083
21.26	0.160845
21.27	0.176979
21.28	0.193293
21.29	0.20464
21.3	0.179497
21.31	0.175616
21.32	0.133717
21.33	0.10507
21.34	0.089479
21.35	0.0466906
21.36	0.0291511
21.37	-0.00625508
21.38	-0.00479818
21.39	0.000984474
21.4	-0.0261683
21.41	-0.0143694
21.42	-0.0223309
21.43	-0.0174112
21.44	-0.00391062
21.45	-0.0196123
21.46	-0.00126818
21.47	-0.015628
21.48	-0.0191831
21.49	-0.009886
21.5	-0.0294362
21.51	-0.0206126
21.52	-0.0337723
21.53	-0.0320114
21.54	-0.024381
21.55	-0.0433517
21.56	-0.0244109
21.57	-0.0384075
21.58	-0.0385471
21.59	-0.027433
21.6	-0.0464177
21.61	-0.0353915
21.62	-0.0506149
21.63	-0.047561
21.64	-0.0382709
21.65	-0.0521152
21.66	-0.0286308
21.67	-0.0430478
21.68	-0.0465107
21.69	-0.0397444
21.7	-0.0555368
21.71	-0.0374526
21.72	-0.043919
21.73	-0.0188482
21.74	0.0288509
21.75	0.0509785
21.76	0.084822
21.77	0.0516851
21.78	0.0177249
21.79	-0.00116464
21.8	-0.0397804
21.81	-0.0276468
21.82	-0.0467182
21.83	-0.0585513
21.84	-0.0623359
21.85	-0.0882028
21.86	-0.0654565
21.87	-0.073537
21.88	-0.0636638
21.89	0.0327498
21.9	0.219101
21.91	0.241646
21.92	-0.0416332
21.93	-0.328227
21.94	-0.428963
21.95	-0.362701
21.96	-0.184372
21.97	-0.0805203
21.98	-0.0335766
21.99	-0.00791119
22	-0.00832753
22.01	0.0235015
22.02	0.0128735
22.03	0.013785
22.04	0.0351182
22.05	0.0262993
22.06	0.0537165
22.07	0.0562223
22.08	0.0824401
22.09	0.117751
22.1	0.123643
22.11	0.164957
22.12	0.170222
22.13	0.180314
22.14	0.194686
22.15	0.173488
22.16	0.175421
22.17	0.141904
22.18	0.114786
22.19	0.0827299
22.2	0.0284837
22.21	0.02303
22.22	-0.000570423
22.23	-0.00584806
22.24	0.00079904
22.25	-0.0136782
22.26	0.00953826
22.27	0.00108041
22.28	-0.00315357
22.29	0.000387905
22.3	-0.0199549
22.31	-0.00497148
22.32	-0.0134705
22.33	-0.00918641
22.34	0.000473304
22.35	-0.0166694
22.36	0.00130454
22.37	-0.00973266
22.38	-0.0157319
22.39	-0.0125596
22.4	-0.029572
22.41	-0.0161227
22.42	-0.0293062
22.43	-0.0301401
22.44	-0.0229453
22.45	-0.0405709
22.46	-0.027078
22.47	-0.0379434
22.48	-0.0381617
22.49	-0.0338087
22.5	-0.0501676
22.51	-0.029127
22.52	-0.0432907
22.53	-0.0479517
22.54	-0.043277
22.55	-0.0634534
22.56	-0.0412357
22.57	-0.0378128
22.58	-0.00794111
22.59	0.0413741
22.6	0.0509862
22.61	0.0676031
22.62	0.0356203
22.63	0.00270018
22.64	-0.0132773
22.65	-0.0479012
22.66	-0.045821
22.67	-0.071296
22.68	-0.0757425
22.69	-0.0591406
22.7	-0.0623972
22.71	-0.0391481
22.72	-0.0467815
22.73	0.00278185
22.74	0.198
22.75	0.268974
22.76	0.0613319
22.77	-0.259573
22.78	-0.416533
22.79	-0.357486
22.8	-0.220913
22.81	-0.0795867
22.82	-0.0269402
22.83	-0.00490802
22.84	0.0128138
22.85	0.00686284
22.86	0.033076
22.87	0.0297543
22.88	0.0379899
22.89	0.0556359
22.9	0.0516665
22.91	0.0836408
22.92	0.0870003
22.93	0.1057
22.94	0.140054
22.95	0.152072
22.96	0.191727
22.97	0.187192
22.98	0.19318
22.99	0.20145
23	0.167406
23.01	0.156676
23.02	0.10882
23.03	0.0750258
23.04	0.054693
23.05	0.0127205
23.06	0.0102165
23.07	-0.00346559
23.08	-0.00549132
23.09	-0.00155132
23.1	-0.0200077
23.11	0.000852172
23.12	-0.0148895
23.13	-0.0212807
23.14	-0.0141433
23.15	-0.0251076
23.16	-0.00396962
23.17	-0.0107409
23.18	-0.0107671
23.19	-0.0103066
23.2	-0.0306512
23.21	-0.013902
23.22	-0.0281786
23.23	-0.0278426
23.24	-0.0151691
23.25	-0.0332694
23.26	-0.0224128
23.27	-0.0337761
23.28	-0.0322238
23.29	-0.0257116
23.3	-0.0503966
23.31	-0.0383499
23.32	-0.0468004
23.33	-0.0443554
23.34	-0.0372565
23.35	-0.0556837
23.36	-0.0404296
23.37	-0.0578601
23.38	-0.0628785
23.39	-0.0502241
23.4	-0.0563148
23.41	-0.0228304
23.42	-0.00983964
23.43	0.0280152
23.44	0.0660481
23.45	0.0511711
23.46	0.0410152
23.47	-0.0070692
23.48	-0.033871
23.49	-0.0386508
23.5	-0.0643653
23.51	-0.05207
23.52	-0.0617426
23.53	-0.0607319
23.54	-0.0519749
23.55	-0.0671391
23.56	-0.041445
23.57	0.0376294
23.58	0.239608
23.59	0.236184
23.6	-0.068896
23.61	-0.335888
23.62	-0.434944
23.63	-0.33051
23.64	-0.165148
23.65	-0.0807133
23.66	-0.0192296
23.67	-0.0100149
23.68	-0.00289393
23.69	0.0105485
23.7	0.00270685
23.71	0.0345076
23.72	0.0391469
23.73	0.0558603
23.74	0.0784904
23.75	0.0701943
23.76	0.0978298
23.77	0.105256
23.78	0.130151
23.79	0.16276
23.8	0.168897
23.81	0.202698
23.82	0.199131
23.83	0.19177
23.84	0.173991
23.85	0.120813
23.86	0.107747
23.87	0.0762829
23.88	0.0480221
23.89	0.0272139
23.9	-0.00641625
23.91	-0.000470868
23.92	-0.0153017
23.93	-0.0155819
23.94	-0.00557411
23.95	-0.0196278
23.96	0.00105804
23.97	-0.00937617
23.98	-0.0116409
23.99	-0.00727422
24	-0.0315081
24.01	-0.0178743
24.02	-0.0244614
24.03	-0.0212413
24.04	-0.00838506
24.05	-0.0266203
24.06	-0.0121349
24.07	-0.0185223
24.08	-0.0147199
24.09	-0.0161694
24.1	-0.0442761
24.11	-0.0275189
24.12	-0.0323842
24.13	-0.0380561
24.14	-0.0371024
24.15	-0.0513802
24.16	-0.0301643
24.17	-0.0466765
24.18	-0.0532718
24.19	-0.039042
24.2	-0.0502481
24.21	-0.0373751
24.22	-0.0524141
24.23	-0.0508146
24.24	-0.0312657
24.25	-0.0250046
24.26	0.0236586
24.27	0.0502896
24.28	0.0653341
24.29	0.0573504
24.3	0.00725682
24.31	-0.0067783
24.32	-0.0390105
24.33	-0.0510247
24.34	-0.0463003
24.35	-0.0676143
24.36	-0.0558157
24.37	-0.0796281
24.38	-0.0885707
24.39	-0.0678614
24.4	-0.0647852
24.41	0.0487839
24.42	0.243916
24.43	0.222522
24.44	-0.058448
24.45	-0.352508
24.46	-0.423802
24.47	-0.342581
24.48	-0.187384
24.49	-0.0677316
24.5	-0.0340099
24.51	-0.00138248
24.52	-0.00625977
24.53	0.00566455
24.54	0.0223102
24.55	0.0134316
24.56	0.0374167
24.57	0.0339496
24.58	0.0520601
24.59	0.0801243
24.6	0.0756993
24.61	0.111382
24.62	0.124967
24.63	0.147883
24.64	0.178594
24.65	0.175647
24.66	0.199312
24.67	0.181386
24.68	0.15779
24.69	0.134529
24.7	0.083438
24.71	0.0709827
24.72	0.0345303
24.73	0.0101284
24.74	0.00579282
24.75	-0.0104199
24.76	0.00839834
24.77	-0.00927827
24.78	-0.017698
24.79	-0.00871282
24.8	-0.0187003
24.81	-0.00450081
24.82	-0.0192112
24.83	-0.0200468
24.84	-0.0064281
24.85	-0.0170152
24.86	-0.00844624
24.87	-0.0290296
24.88	-0.0221653
24.89	-0.00756882
24.9	-0.0303303
24.91	-0.0193352
24.92	-0.0321845
24.93	-0.0317301
24.94	-0.0159037
24.95	-0.035918
24.96	-0.0305768
24.97	-0.0482403
24.98	-0.0358232
24.99	-0.0210376
25	-0.0438696
25.01	-0.030961
25.02	-0.0476316
25.03	-0.040939
25.04	-0.0249255
25.05	-0.047072
25.06	-0.0344312
25.07	-0.0409844
25.08	-0.0184835
25.09	0.0253584
25.1	0.040191
25.11	0.0803773
25.12	0.0719885
25.13	0.0530653
25.14	0.040285
25.15	-0.00175039
25.16	-0.010338
25.17	-0.042396
25.18	-0.0542043
25.19	-0.0461814
25.2	-0.0617341
25.21	-0.03556
25.22	-0.0463074
25.23	-0.0488187
25.24	0.00250545
25.25	0.163303
25.26	0.310606
25.27	0.105353
25.28	-0.217999
25.29	-0.398318
25.3	-0.390941
25.31	-0.226053
25.32	-0.103982
25.33	-0.0334304
25.34	0.00525967
25.35	0.00196203
25.36	0.0267971
25.37	0.0211282
25.38	0.0331875
25.39	0.0526694
25.4	0.0407371
25.41	0.068361
25.42	0.0792859
25.43	0.101108
25.44	0.122099
25.45	0.120259
25.46	0.162432
25.47	0.182442
25.48	0.201748
25.49	0.219127
25.5	0.193597
25.51	0.189253
25.52	0.15446
25.53	0.129381
25.54	0.108128
25.55	0.0615486
25.56	0.0510427
25.57	0.0146578
25.58	0.00119358
25.59	0.00739482
25.6	-0.0149496
25.61	0.00048176
25.62	-0.00503744
25.63	0.00180941
25.64	0.0112776
25.65	-0.0112062
25.66	0.000854952
25.67	-0.00930009
25.68	-0.00563135
25.69	0.00579597
25.7	-0.0134923
25.71	0.00115603
25.72	-0.0091305
25.73	-0.0167342
25.74	-0.0122586
25.75	-0.0361591
25.76	-0.0183261
25.77	-0.0244135
25.78	-0.0263094
25.79	-0.0180842
25.8	-0.0314425
25.81	-0.016466
25.82	-0.0386208
25.83	-0.0455746
25.84	-0.0298331
25.85	-0.0378495
25.86	-0.0172055
25.87	-0.0350901
25.88	-0.0413734
25.89	-0.0321614
25.9	-0.0417192
25.91	-7.81075e-05
25.92	0.0236736
25.93	0.074075
25.94	0.116864
25.95	0.0636518
25.96	0.0321058
25.97	-0.0094222
25.98	-0.0445146
25.99	-0.0442967
26	-0.0697888
26.01	-0.0616453
26.02	-0.0718423
26.03	-0.0827662
26.04	-0.0676214
26.05	-0.0781785
26.06	-0.0468633
26.07	0.0611547
26.08	0.246811
26.09	0.195085
26.1	-0.128319
26.11	-0.376147
26.12	-0.431397
26.13	-0.31829
26.14	-0.148824
26.15	-0.0750389
26.16	-0.0282009
26.17	-0.0167653
26.18	-0.00931333
26.19	0.0130536
26.2	-0.00165322
26.21	0.0227972
26.22	0.0318804
26.23	0.0391995
26.24	0.0649054
26.25	0.0606079
26.26	0.0971126
26.27	0.113247
26.28	0.122507
26.29	0.157643
26.3	0.163246
26.31	0.190957
26.32	0.192585
26.33	0.179157
26.34	0.167536
26.35	0.113091
26.36	0.0920439
26.37	0.055958
26.38	0.0247869
26.39	0.0206705
26.4	-0.0138243
26.41	-0.0079188
26.42	-0.0156772
26.43	-0.0267989
26.44	-0.0121522
26.45	-0.0303733
26.46	-0.0169857
26.47	-0.0215706
26.48	-0.0272333
26.49	-0.00721697
26.5	-0.0239157
26.51	-0.0104713
26.52	-0.0106276
26.53	-0.0185461
26.54	-0.00689418
26.55	-0.0268969
26.56	-0.0132384
26.57	-0.0167166
26.58	-0.0268338
26.59	-0.0210296
26.6	-0.0440927
26.61	-0.0318383
26.62	-0.0379203
26.63	-0.04794
26.64	-0.0297779
26.65	-0.0441172
26.66	-0.0254741
26.67	-0.0271179
26.68	-0.040149
26.69	-0.0340836
26.7	-0.0550976
26.71	-0.0401777
26.72	-0.032823
26.73	-0.0135975
26.74	0.0356845
26.75	0.0523645
26.76	0.088243
26.77	0.0729968
26.78	0.0285035
26.79	0.00912965
26.8	-0.0299493
26.81	-0.0296714
26.82	-0.0473768
26.83	-0.0657154
26.84	-0.0539486
26.85	-0.077889
26.86	-0.0752299
26.87	-0.0806321
26.88	-0.0750796
26.89	-0.0337385
26.9	0.0971932
26.91	0.265328
26.92	0.115275
26.93	-0.20925
26.94	-0.415172
26.95	-0.441449
26.96	-0.288695
26.97	-0.145829
26.98	-0.0756721
26.99	-0.0366611
27	-0.0495499
27.01	-0.0258225
27.02	-0.0135765
27.03	-0.0108198
27.04	0.0118356
27.05	0.00854791
27.06	0.031893
27.07	0.0394537
27.08	0.0503524
27.09	0.0823361
27.1	0.0903454
27.11	0.136714
27.12	0.154305
27.13	0.160881
27.14	0.186866
27.15	0.171101
27.16	0.169537
27.17	0.139417
27.18	0.0998757
27.19	0.0819295
27.2	0.035397
27.21	0.0300473
27.22	0.0133681
27.23	-0.012077
27.24	-0.0101756
27.25	-0.0299427
27.26	-0.00772938
27.27	-0.00718764
27.28	-0.0164044
27.29	0.0043991
27.3	-0.0075318
27.31	0.00126388
27.32	-0.0117707
27.33	-0.0202964
27.34	0.000176092
27.35	-0.00965862
27.36	0.0082448
27.37	-0.00354324
27.38	-0.0150506
27.39	-0.00440878
27.4	-0.0308901
27.41	-0.0243779
27.42	-0.029803
27.43	-0.0376524
27.44	-0.0177603
27.45	-0.0306281
27.46	-0.0209956
27.47	-0.0348548
27.48	-0.0450063
27.49	-0.0252612
27.5	-0.0386071
27.51	-0.030177
27.52	-0.0343235
27.53	-0.0378888
27.54	-0.019411
27.55	-0.0378054
27.56	-0.0193388
27.57	0.00571989
27.58	0.03611
27.59	0.07986
27.6	0.0689237
27.61	0.0600935
27.62	0.0213734
27.63	-0.0160132
27.64	-0.0186013
27.65	-0.0510201
27.66	-0.0528587
27.67	-0.0675656
27.68	-0.0720067
27.69	-0.0509155
27.7	-0.070308
27.71	-0.0557504
27.72	-0.0501069
27.73	0.0218524
27.74	0.241459
27.75	0.237574
27.76	-0.0184661
27.77	-0.310379
27.78	-0.427936
27.79	-0.334129
27.8	-0.200054
27.81	-0.0692143
27.82	-0.0215815
27.83	-0.0154007
27.84	0.0107466
27.85	0.00647054
27.86	0.0281177
27.87	0.0292218
27.88	0.0295317
27.89	0.0597297
27.9	0.0582314
27.91	0.0846264
27.92	0.0907194
27.93	0.0982745
27.94	0.141214
27.95	0.148802
27.96	0.172319
27.97	0.175541
27.98	0.171971
27.99	0.178523
28	0.144295
28.01	0.133597
28.02	0.0975912
28.03	0.0523073
28.04	0.0394342
28.05	0.00135508
28.06	0.00336848
28.07	-0.0107734
28.08	-0.0269243
28.09	-0.0204665
28.1	-0.0385751
28.11	-0.0146885
28.12	-0.0153651
28.13	-0.0246637
28.14	-0.0109287
28.15	-0.0278295
28.16	-0.0138098
28.17	-0.0185716
28.18	-0.0320732
28.19	-0.0197308
28.2	-0.0332516
28.21	-0.0173705
28.22	-0.022105
28.23	-0.0364392
28.24	-0.0277708
28.25	-0.0476791
28.26	-0.0360158
28.27	-0.0448522
28.28	-0.0533788
28.29	-0.0367033
28.3	-0.0531085
28.31	-0.0399581
28.32	-0.0446066
28.33	-0.0534661
28.34	-0.0395718
28.35	-0.0632616
28.36	-0.0576439
28.37	-0.0544933
28.38	-0.0580946
28.39	-0.037744
28.4	-0.0429492
28.41	-0.00918597
28.42	0.0217601
28.43	0.0472961
28.44	0.070242
28.45	0.0305216
28.46	0.0144647
28.47	-0.0080506
28.48	-0.0352797
28.49	-0.0376797
28.5	-0.0726252
28.51	-0.0792328
28.52	-0.0855314
28.53	-0.0846119
28.54	-0.0636206
28.55	-0.0783822
28.56	-0.0618298
28.57	-0.0107417
28.58	0.1787
28.59	0.257079
28.6	0.00178639
28.61	-0.283879
28.62	-0.436053
28.63	-0.38197
28.64	-0.213761
28.65	-0.111798
28.66	-0.040315
28.67	-0.0265914
28.68	-0.0220538
28.69	0.00118975
28.7	-0.0055935
28.71	0.0181945
28.72	0.0188967
28.73	0.0229547
28.74	0.0541527
28.75	0.0578982
28.76	0.0901608
28.77	0.101434
28.78	0.110216
28.79	0.148977
28.8	0.151208
28.81	0.179325
28.82	0.185516
28.83	0.172333
28.84	0.172341
28.85	0.128901
28.86	0.109247
28.87	0.069576
28.88	0.0300388
28.89	0.0253392
28.9	-0.00772469
28.91	0.00682825
28.92	0.00640691
28.93	-0.0207238
28.94	-0.0122772
28.95	-0.021989
28.96	-0.00466365
28.97	-0.00478621
28.98	-0.0111353
28.99	0.00647319
29	-0.00955479
29.01	-0.00550897
29.02	-0.0185151
29.03	-0.0255369
29.04	-0.00490435
29.05	-0.0213203
29.06	-0.00670725
29.07	-0.00901992
29.08	-0.020665
29.09	-0.0137188
29.1	-0.0380136
29.11	-0.0278727
29.12	-0.028458
29.13	-0.0268191
29.14	-0.00577104
29.15	-0.0285282
29.16	-0.0272107
29.17	-0.0437273
29.18	-0.0465904
29.19	-0.0167881
29.2	-0.0275352
29.21	-0.0172944
29.22	-0.0216226
29.23	-0.0255242
29.24	0.00120518
29.25	0.00197491
29.26	0.0409337
29.27	0.0784167
29.28	0.0961007
29.29	0.0897638
29.3	0.0303254
29.31	0.0126679
29.32	-0.0120191
29.33	-0.0313855
29.34	-0.0288274
29.35	-0.052393
29.36	-0.0329097
29.37	-0.0319012
29.38	-0.0387287
29.39	-0.0265048
29.4	-0.0505566
29.41	0.019769
29.42	0.220753
29.43	0.286844
29.44	0.0689629
29.45	-0.251451
29.46	-0.386645
29.47	-0.331892
29.48	-0.188687
29.49	-0.0619788
29.5	-0.0271731
29.51	0.0154596
29.52	0.0266938
29.53	0.0221646
29.54	0.0402524
29.55	0.0289328
29.56	0.0571518
29.57	0.066212
29.58	0.064665
29.59	0.0964703
29.6	0.0956186
29.61	0.122518
29.62	0.144112
29.63	0.161559
29.64	0.198867
29.65	0.198521
29.66	0.211602
29.67	0.19178
29.68	0.167881
29.69	0.163014
29.7	0.114447
29.71	0.0990804
29.72	0.0668068
29.73	0.031475
29.74	0.027557
29.75	0.000762899
29.76	0.0126439
29.77	0.00688491
29.78	-0.00687493
29.79	0.00620982
29.8	-0.00587373
29.81	0.0140783
29.82	0.00531626
29.83	-0.00775717
29.84	0.00849396
29.85	-0.0126032
29.86	-0.00297683
29.87	-0.00793244
29.88	-0.00954659
29.89	0.0142325
29.9	-0.0116979
29.91	-0.0109028
29.92	-0.0193606
29.93	-0.0283301
29.94	-0.0186944
29.95	-0.0457631
29.96	-0.0356383
29.97	-0.0318891
29.98	-0.0331863
29.99	-0.0208227
30	-0.0523911
30.01	-0.0472642
30.02	-0.0535014
30.03	-0.0584616
30.04	-0.0393641
30.05	-0.0535869
30.06	-0.0314529
30.07	-0.0172103
30.08	4.6783e-05
30.09	0.0425572
30.1	0.0473748
30.11	0.0623431
30.12	0.0314656
30.13	-0.00437917
30.14	-0.0026209
30.15	-0.0394056
30.16	-0.0420527
30.17	-0.0626663
30.18	-0.0880566
30.19	-0.0747265
30.2	-0.0939799
30.21	-0.0756432
30.22	-0.0680351
30.23	-0.0630146
30.24	-0.00495904
30.25	0.149246
30.26	0.265062
30.27	0.0512669
30.28	-0.269747
30.29	-0.423246
30.3	-0.402351
30.31	-0.229597
30.32	-0.101523
