Time	Lead II
0	0
0.01	0
0.02	0
0.03	0
0.04	0
0.05	0
0.06	0
0.07	0
0.08	0
0.09	0
0.1	0
0.11	0
0.12	0
0.13	0
0.14	0
0.15	0
0.16	0
0.17	0
0.18	0
0.19	0
0.2	0
0.21	0
0.22	0
0.23	0
0.24	0
0.25	0
0.26	0
0.27	0
0.28	0
0.29	0
0.3	0
0.31	0
0.32	0
0.33	0
0.34	0
0.35	0
0.36	0
0.37	0
0.38	0
0.39	0
0.4	0
0.41	0
0.42	0
0.43	0
0.44	0
0.45	0
0.46	0
0.47	0
0.48	0
0.49	0
0.5	0
0.51	0
0.52	0
0.53	0
0.54	0
0.55	0
0.56	0
0.57	0
0.58	0
0.59	0
0.6	0
0.61	0
0.62	0
0.63	0
0.64	0
0.65	0
0.66	0
0.67	0
0.68	0
0.69	0
0.7	0
0.71	0
0.72	0
0.73	0
0.74	0
0.75	0
0.76	0
0.77	0
0.78	0
0.79	0
0.8	0
0.81	0
0.82	0
0.83	0
0.84	0
0.85	0
0.86	0
0.87	0
0.88	0
0.89	0
0.9	0
0.91	0
0.92	0
0.93	0
0.94	0
0.95	0
0.96	0
0.97	0
0.98	0
0.99	0
1	0
1.01	0
1.02	0
1.03	0
1.04	0
1.05	0
1.06	0
1.07	0
1.08	0
1.09	0
1.1	0
1.11	0
1.12	0
1.13	0
1.14	0
1.15	0
1.16	0
1.17	0
1.18	0
1.19	0
1.2	0
1.21	0
1.22	0
1.23	0
1.24	0
1.25	0
1.26	0
1.27	0
1.28	0
1.29	0
1.3	0
1.31	0
1.32	0
1.33	0
1.34	0
1.35	0
1.36	0
1.37	0
1.38	0
1.39	0
1.4	0
1.41	0
1.42	0
1.43	0
1.44	0
1.45	0
1.46	0
1.47	0
1.48	0
1.49	0
1.5	0
1.51	0
1.52	0
1.53	0
1.54	0
1.55	0
1.56	0
1.57	0
1.58	0
1.59	0
1.6	0
1.61	0
1.62	0
1.63	0
1.64	0
1.65	0
1.66	0
1.67	0
1.68	0
1.69	0
1.7	0
1.71	0
1.72	0
1.73	0
1.74	0
1.75	0
1.76	0
1.77	0
1.78	0
1.79	0
1.8	0
1.81	0
1.82	0
1.83	0
1.84	0
1.85	0
1.86	0
1.87	0
1.88	0
1.89	0
1.9	0
1.91	0
1.92	0
1.93	0
1.94	0
1.95	0
1.96	0
1.97	0
1.98	0
1.99	0
2	-0.00448209
2.01	-0.0754131
2.02	-0.10949
2.03	-0.11521
2.04	-0.0904349
2.05	-0.0871869
2.06	-0.0776687
2.07	-0.0502743
2.08	0.0452245
2.09	0.309934
2.1	0.339944
2.11	0.0754194
2.12	-0.18438
2.13	-0.313348
2.14	-0.268129
2.15	-0.164033
2.16	-0.0800578
2.17	-0.0334863
2.18	-0.0283932
2.19	-0.0100134
2.2	-0.00436007
2.21	0.00427686
2.22	0.0196653
2.23	0.0174803
2.24	0.0376875
2.25	0.0432596
2.26	0.0571505
2.27	0.081672
2.28	0.0970598
2.29	0.137515
2.3	0.164493
2.31	0.202632
2.32	0.247832
2.33	0.269466
2.34	0.303539
2.35	0.301683
2.36	0.277653
2.37	0.237215
2.38	0.160363
2.39	0.104949
2.4	0.0474398
2.41	0.00389012
2.42	-0.0167699
2.43	-0.0440722
2.44	-0.0460322
2.45	-0.0559041
2.46	-0.058313
2.47	-0.0507623
2.48	-0.0617828
2.49	-0.0507352
2.5	-0.0513753
2.51	-0.0521027
2.52	-0.0468786
2.53	-0.0546347
2.54	-0.0396639
2.55	-0.0446729
2.56	-0.0466478
2.57	-0.036934
2.58	-0.0470004
2.59	-0.0384396
2.6	-0.0452787
2.61	-0.0490523
2.62	-0.0408696
2.63	-0.0543658
2.64	-0.049477
2.65	-0.0549589
2.66	-0.0518922
2.67	-0.0466662
2.68	-0.062397
2.69	-0.0495249
2.7	-0.0512167
2.71	-0.0542498
2.72	-0.0495608
2.73	-0.0602898
2.74	-0.0491262
2.75	-0.0509964
2.76	-0.0387171
2.77	-0.0061972
2.78	0.00382417
2.79	0.0304765
2.8	0.0346565
2.81	0.0210408
2.82	0.00944851
2.83	-0.0190803
2.84	-0.027401
2.85	-0.0497078
2.86	-0.0675717
2.87	-0.0709126
2.88	-0.0909499
2.89	-0.0822234
2.9	-0.0844521
2.91	-0.0840252
2.92	-0.0702724
2.93	-0.0733603
2.94	-0.0410512
2.95	0.0822538
2.96	0.342812
2.97	0.35735
2.98	0.0452251
2.99	-0.233754
3	-0.336365
3.01	-0.269691
3.02	-0.141856
3.03	-0.0741477
3.04	-0.035318
3.05	-0.0281289
3.06	-0.0202328
3.07	-0.00211571
3.08	-0.0034716
3.09	0.0151256
3.1	0.0206137
3.11	0.0326029
3.12	0.0523505
3.13	0.0526635
3.14	0.081351
3.15	0.105959
3.16	0.138454
3.17	0.182896
3.18	0.20997
3.19	0.260138
3.2	0.29509
3.21	0.315979
3.22	0.322848
3.23	0.288801
3.24	0.249305
3.25	0.177809
3.26	0.108468
3.27	0.0590219
3.28	0.00451537
3.29	-0.0144328
3.3	-0.0352661
3.31	-0.0469813
3.32	-0.0438777
3.33	-0.0551632
3.34	-0.0454404
3.35	-0.0499174
3.36	-0.0547808
3.37	-0.044687
3.38	-0.0536167
3.39	-0.0436013
3.4	-0.0457189
3.41	-0.0438742
3.42	-0.0337713
3.43	-0.0467861
3.44	-0.0375248
3.45	-0.0399793
3.46	-0.0424448
3.47	-0.0348883
3.48	-0.0485877
3.49	-0.0408291
3.5	-0.0449009
3.51	-0.0519183
3.52	-0.0471195
3.53	-0.0546058
3.54	-0.0433972
3.55	-0.0505078
3.56	-0.0572903
3.57	-0.0486439
3.58	-0.0613511
3.59	-0.0489922
3.6	-0.0483404
3.61	-0.0559844
3.62	-0.0496038
3.63	-0.0600333
3.64	-0.0512511
3.65	-0.0573835
3.66	-0.0620547
3.67	-0.0475869
3.68	-0.0445308
3.69	-0.0168829
3.7	-0.00276878
3.71	0.0073874
3.72	0.0275688
3.73	0.0160748
3.74	0.0124154
3.75	-0.00882578
3.76	-0.0309634
3.77	-0.0453394
3.78	-0.0712421
3.79	-0.0747711
3.8	-0.0919419
3.81	-0.0951638
3.82	-0.0868936
3.83	-0.097531
3.84	-0.08206
3.85	-0.0817839
3.86	-0.0690257
3.87	-0.00339892
3.88	0.215129
3.89	0.399468
3.9	0.195406
3.91	-0.139245
3.92	-0.323382
3.93	-0.32282
3.94	-0.195417
3.95	-0.0985988
3.96	-0.0519446
3.97	-0.0299764
3.98	-0.0272742
3.99	-0.00316369
4	-0.00158347
4.01	0.00400534
4.02	0.019998
4.03	0.018774
4.04	0.0430132
4.05	0.0548251
4.06	0.0747029
4.07	0.106436
4.08	0.126609
4.09	0.173438
4.1	0.2062
4.11	0.247791
4.12	0.296303
4.13	0.318074
4.14	0.345355
4.15	0.33015
4.16	0.289001
4.17	0.230418
4.18	0.146706
4.19	0.0927642
4.2	0.03644
4.21	0.0036981
4.22	-0.00887775
4.23	-0.0347796
4.24	-0.0351523
4.25	-0.0446134
4.26	-0.0454548
4.27	-0.0359204
4.28	-0.048186
4.29	-0.0399467
4.3	-0.0442695
4.31	-0.0434772
4.32	-0.0365574
4.33	-0.048443
4.34	-0.0330778
4.35	-0.0324717
4.36	-0.0340686
4.37	-0.0273486
4.38	-0.0375112
4.39	-0.031648
4.4	-0.0406592
4.41	-0.0425795
4.42	-0.0348051
4.43	-0.0455365
4.44	-0.0364931
4.45	-0.0436536
4.46	-0.0486567
4.47	-0.0447798
4.48	-0.0593474
4.49	-0.0505395
4.5	-0.0537222
4.51	-0.0565123
4.52	-0.0485684
4.53	-0.0599851
4.54	-0.0530251
4.55	-0.0580508
4.56	-0.0602956
4.57	-0.0537105
4.58	-0.0659418
4.59	-0.0573504
4.6	-0.0603149
4.61	-0.0655788
4.62	-0.0589892
4.63	-0.0622574
4.64	-0.0416461
4.65	-0.0309393
4.66	-0.0126067
4.67	0.0163441
4.68	0.016824
4.69	0.0184355
4.7	-0.00195888
4.71	-0.0222231
4.72	-0.0351284
4.73	-0.0657658
4.74	-0.0693094
4.75	-0.0819445
4.76	-0.094363
4.77	-0.090424
4.78	-0.0988353
4.79	-0.0855005
4.8	-0.0873257
4.81	-0.0799207
4.82	-0.0477252
4.83	0.0522377
4.84	0.327753
4.85	0.374932
4.86	0.0901603
4.87	-0.204368
4.88	-0.337469
4.89	-0.270214
4.9	-0.15381
4.91	-0.0671217
4.92	-0.0209659
4.93	-0.0231367
4.94	-0.00491192
4.95	0.00452173
4.96	0.0103826
4.97	0.0240616
4.98	0.0221627
4.99	0.0459705
5	0.0573354
5.01	0.0691811
5.02	0.0954688
5.03	0.109587
5.04	0.150579
5.05	0.184054
5.06	0.222933
5.07	0.273795
5.08	0.30082
5.09	0.337694
5.1	0.337442
5.11	0.312513
5.12	0.275116
5.13	0.197696
5.14	0.137556
5.15	0.0740094
5.16	0.0253384
5.17	0.00313093
5.18	-0.0256022
5.19	-0.0227026
5.2	-0.0318175
5.21	-0.0425806
5.22	-0.0390644
5.23	-0.0521839
5.24	-0.0436479
5.25	-0.0513121
5.26	-0.0545929
5.27	-0.0408457
5.28	-0.0484368
5.29	-0.0377972
5.3	-0.0432915
5.31	-0.0517533
5.32	-0.0434593
5.33	-0.054153
5.34	-0.0454388
5.35	-0.0479032
5.36	-0.0540486
5.37	-0.0483523
5.38	-0.0606577
5.39	-0.0539379
5.4	-0.062438
5.41	-0.0704176
5.42	-0.0585149
5.43	-0.0660905
5.44	-0.0584222
5.45	-0.0634686
5.46	-0.0696357
5.47	-0.059681
5.48	-0.0712834
5.49	-0.0659096
5.5	-0.0682105
5.51	-0.0723399
5.52	-0.0625063
5.53	-0.0732019
5.54	-0.0705309
5.55	-0.0753936
5.56	-0.0726035
5.57	-0.0502025
5.58	-0.0432668
5.59	-0.0215214
5.6	-0.00438055
5.61	0.00919407
5.62	0.0130118
5.63	-0.0167911
5.64	-0.0251662
5.65	-0.0458695
5.66	-0.0656508
5.67	-0.0700305
5.68	-0.0908728
5.69	-0.0865924
5.7	-0.0922669
5.71	-0.096264
5.72	-0.0827858
5.73	-0.0866113
5.74	-0.0707755
5.75	-0.0559107
5.76	0.0568307
5.77	0.319163
5.78	0.322188
5.79	0.0631529
5.8	-0.201144
5.81	-0.313208
5.82	-0.258716
5.83	-0.161025
5.84	-0.0688001
5.85	-0.0334695
5.86	-0.0244663
5.87	-0.0055917
5.88	-0.00785755
5.89	0.0109316
5.9	0.0172889
5.91	0.0190152
5.92	0.0409265
5.93	0.0483226
5.94	0.0744097
5.95	0.0903131
5.96	0.106783
5.97	0.145967
5.98	0.169943
5.99	0.218273
6	0.258337
6.01	0.287526
6.02	0.323036
6.03	0.31563
6.04	0.294433
6.05	0.240205
6.06	0.171192
6.07	0.114817
6.08	0.051017
6.09	0.0225849
6.1	-0.00625983
6.11	-0.0317265
6.12	-0.0323136
6.13	-0.0498981
6.14	-0.0476643
6.15	-0.051141
6.16	-0.0577115
6.17	-0.0464348
6.18	-0.0538842
6.19	-0.0448404
6.2	-0.0462964
6.21	-0.0537066
6.22	-0.0431454
6.23	-0.0505247
6.24	-0.0403254
6.25	-0.0400912
6.26	-0.0460666
6.27	-0.0353599
6.28	-0.0471341
6.29	-0.0450678
6.3	-0.0384727
6.31	-0.0252775
6.32	-0.0279078
6.33	-0.0556376
6.34	-0.0523321
6.35	-0.0580405
6.36	-0.0620395
6.37	-0.055628
6.38	-0.0684194
6.39	-0.0587938
6.4	-0.0638788
6.41	-0.0666012
6.42	-0.0582152
6.43	-0.0706296
6.44	-0.0630136
6.45	-0.0658808
6.46	-0.0658588
6.47	-0.0535464
6.48	-0.0550738
6.49	-0.0321491
6.5	-0.0202565
6.51	-0.00414374
6.52	0.0235128
6.53	0.018751
6.54	0.0141061
6.55	-0.0113235
6.56	-0.0297665
6.57	-0.0382669
6.58	-0.068079
6.59	-0.0744091
6.6	-0.0901395
6.61	-0.0987213
6.62	-0.0874026
6.63	-0.0929862
6.64	-0.0799419
6.65	-0.0832663
6.66	-0.0736685
6.67	-0.021311
6.68	0.158539
6.69	0.381941
6.7	0.248576
6.71	-0.0757038
6.72	-0.290414
6.73	-0.328264
6.74	-0.215337
6.75	-0.108402
6.76	-0.0532462
6.77	-0.024558
6.78	-0.0272188
6.79	-0.00872274
6.8	0.000256588
6.81	0.00929211
6.82	0.0281107
6.83	0.0247351
6.84	0.0438633
6.85	0.055742
6.86	0.0670238
6.87	0.0950265
6.88	0.11497
6.89	0.16099
6.9	0.198775
6.91	0.237501
6.92	0.28924
6.93	0.31235
6.94	0.336529
6.95	0.325206
6.96	0.286837
6.97	0.236508
6.98	0.1543
6.99	0.0957864
7	0.0409108
7.01	0.0031613
7.02	-0.0126767
7.03	-0.0391515
7.04	-0.0359629
7.05	-0.0431088
7.06	-0.0500239
7.07	-0.0413805
7.08	-0.0537787
7.09	-0.0466022
7.1	-0.0485256
7.11	-0.0523821
7.12	-0.0433237
7.13	-0.0487268
7.14	-0.0320869
7.15	-0.0323927
7.16	-0.040449
7.17	-0.0322715
7.18	-0.040227
7.19	-0.0284617
7.2	-0.0313058
7.21	-0.0382438
7.22	-0.0327756
7.23	-0.0452873
7.24	-0.0336718
7.25	-0.0358348
7.26	-0.0421331
7.27	-0.0337707
7.28	-0.0481971
7.29	-0.0455391
7.3	-0.0479389
7.31	-0.0514705
7.32	-0.0441683
7.33	-0.056027
7.34	-0.0459399
7.35	-0.0467618
7.36	-0.0494069
7.37	-0.0371579
7.38	-0.0452706
7.39	-0.0399839
7.4	-0.0494025
7.41	-0.0583687
7.42	-0.0462781
7.43	-0.0464027
7.44	-0.0233263
7.45	-0.0040218
7.46	0.0072659
7.47	0.0304117
7.48	0.0232117
7.49	0.0178576
7.5	-0.00389153
7.51	-0.0288552
7.52	-0.0400377
7.53	-0.0660578
7.54	-0.0696006
7.55	-0.0796938
7.56	-0.0860726
7.57	-0.0742846
7.58	-0.0865261
7.59	-0.0798352
7.6	-0.0724329
7.61	-0.0592378
7.62	0.0232963
7.63	0.254593
7.64	0.405824
7.65	0.180594
7.66	-0.145602
7.67	-0.30681
7.68	-0.30033
7.69	-0.178574
7.7	-0.0854137
7.71	-0.0471612
7.72	-0.0225382
7.73	-0.0263436
7.74	-0.0099181
7.75	-0.00194412
7.76	0.00549978
7.77	0.0279677
7.78	0.0229372
7.79	0.0391546
7.8	0.0555026
7.81	0.0684297
7.82	0.102856
7.83	0.123039
7.84	0.164697
7.85	0.203447
7.86	0.242399
7.87	0.293575
7.88	0.313073
7.89	0.334129
7.9	0.319277
7.91	0.270103
7.92	0.215456
7.93	0.136133
7.94	0.080931
7.95	0.0274944
7.96	-0.0137744
7.97	-0.0251893
7.98	-0.0464801
7.99	-0.0441759
8	-0.0485737
8.01	-0.0581336
8.02	-0.0498377
8.03	-0.0606525
8.04	-0.0565586
8.05	-0.0580238
8.06	-0.0621156
8.07	-0.0526759
8.08	-0.0614053
8.09	-0.051702
8.1	-0.0552457
8.11	-0.0624401
8.12	-0.0506328
8.13	-0.0601833
8.14	-0.0523958
8.15	-0.0549734
8.16	-0.0669636
8.17	-0.0575485
8.18	-0.0644349
8.19	-0.0556913
8.2	-0.0571928
8.21	-0.0652117
8.22	-0.0539298
8.23	-0.0670788
8.24	-0.0634285
8.25	-0.064795
8.26	-0.0696455
8.27	-0.05624
8.28	-0.0650195
8.29	-0.059881
8.3	-0.0609848
8.31	-0.0679201
8.32	-0.0588882
8.33	-0.0675205
8.34	-0.0517154
8.35	-0.0335401
8.36	-0.0246892
8.37	0.000457348
8.38	0.00736013
8.39	0.0164124
8.4	0.00415042
8.41	-0.0202316
8.42	-0.0256174
8.43	-0.0503198
8.44	-0.0596435
8.45	-0.0771507
8.46	-0.0953886
8.47	-0.0886407
8.48	-0.0973651
8.49	-0.0877163
8.5	-0.0820641
8.51	-0.0813469
8.52	-0.0606337
8.53	-0.0227611
8.54	0.191124
8.55	0.367192
8.56	0.198762
8.57	-0.0840566
8.58	-0.288657
8.59	-0.311731
8.6	-0.219632
8.61	-0.120746
8.62	-0.0495927
8.63	-0.0388295
8.64	-0.0195384
8.65	-0.0066695
8.66	-0.00686728
8.67	0.0109206
8.68	0.00986201
8.69	0.0276535
8.7	0.0407257
8.71	0.047605
8.72	0.0786856
8.73	0.0928733
8.74	0.125423
8.75	0.161407
8.76	0.192471
8.77	0.241332
8.78	0.270753
8.79	0.311013
8.8	0.313432
8.81	0.300551
8.82	0.277733
8.83	0.210947
8.84	0.149152
8.85	0.0798195
8.86	0.0268709
8.87	0.00350975
8.88	-0.028009
8.89	-0.0340137
8.9	-0.0466456
8.91	-0.0564733
8.92	-0.0477599
8.93	-0.0568966
8.94	-0.0490283
8.95	-0.0486611
8.96	-0.0518053
8.97	-0.0408804
8.98	-0.0528875
8.99	-0.047069
9	-0.0454738
9.01	-0.0452973
9.02	-0.0338486
9.03	-0.0447554
9.04	-0.0389816
9.05	-0.0409537
9.06	-0.0434052
9.07	-0.034543
9.08	-0.0505995
9.09	-0.0449105
9.1	-0.0441615
9.11	-0.048653
9.12	-0.0421895
9.13	-0.0574747
9.14	-0.051793
9.15	-0.0503002
9.16	-0.0544935
9.17	-0.0481275
9.18	-0.0598033
9.19	-0.0482177
9.2	-0.05065
9.21	-0.0595772
9.22	-0.0520773
9.23	-0.0619983
9.24	-0.0514559
9.25	-0.054626
9.26	-0.06367
9.27	-0.0512372
9.28	-0.0529587
9.29	-0.0298311
9.3	-0.010938
9.31	0.00326436
9.32	0.032073
9.33	0.0249703
9.34	0.0161748
9.35	-0.00742484
9.36	-0.0350141
9.37	-0.0434582
9.38	-0.0650829
9.39	-0.0651607
9.4	-0.0709454
9.41	-0.0829591
9.42	-0.0744237
9.43	-0.0839153
9.44	-0.0738562
9.45	-0.0677595
9.46	-0.0586992
9.47	0.00990556
9.48	0.222183
9.49	0.416414
9.5	0.235112
9.51	-0.0996675
9.52	-0.288868
9.53	-0.303524
9.54	-0.188189
9.55	-0.0823595
9.56	-0.0349594
9.57	-0.00876212
9.58	-0.00768993
9.59	0.0108425
9.6	0.0180126
9.61	0.0222242
9.62	0.0451506
9.63	0.0468276
9.64	0.0632702
9.65	0.0752678
9.66	0.0876936
9.67	0.120823
9.68	0.1344
9.69	0.174781
9.7	0.218935
9.71	0.25318
9.72	0.301934
9.73	0.323308
9.74	0.344695
9.75	0.333629
9.76	0.284523
9.77	0.230073
9.78	0.14749
9.79	0.0949744
9.8	0.0500449
9.81	0.00984575
9.82	-0.0021266
9.83	-0.0292109
9.84	-0.0333624
9.85	-0.0386534
9.86	-0.0489956
9.87	-0.0402561
9.88	-0.0496085
9.89	-0.0467342
9.9	-0.0487892
9.91	-0.0527218
9.92	-0.0382473
9.93	-0.048672
9.94	-0.0440862
9.95	-0.0433833
9.96	-0.054071
9.97	-0.0483083
9.98	-0.0623881
9.99	-0.0589439
10	-0.0575951
10.01	-0.0635325
10.02	-0.0526312
10.03	-0.0612713
10.04	-0.0544456
10.05	-0.0588839
10.06	-0.0703282
10.07	-0.0621147
10.08	-0.0732511
10.09	-0.0656808
10.1	-0.0628115
10.11	-0.0708688
10.12	-0.0647063
10.13	-0.0768447
10.14	-0.0695019
10.15	-0.0680628
10.16	-0.0753272
10.17	-0.0644809
10.18	-0.0759305
10.19	-0.0693014
10.2	-0.0684387
10.21	-0.0741901
10.22	-0.0545849
10.23	-0.0501309
10.24	-0.0233901
10.25	-0.00750719
10.26	-0.00353217
10.27	0.0139945
10.28	-0.00651092
10.29	-0.0229886
10.3	-0.0415613
10.31	-0.0605163
10.32	-0.0634356
10.33	-0.0888823
10.34	-0.0913563
10.35	-0.0951383
10.36	-0.104431
10.37	-0.0919688
10.38	-0.10079
10.39	-0.0897387
10.4	-0.0669003
10.41	-0.020529
10.42	0.194534
10.43	0.38474
10.44	0.238507
10.45	-0.0810105
10.46	-0.298093
10.47	-0.307505
10.48	-0.218403
10.49	-0.105199
10.5	-0.0444628
10.51	-0.0302491
10.52	-0.00773562
10.53	-0.0116316
10.54	-0.000387634
10.55	0.00985346
10.56	0.0117384
10.57	0.0353203
10.58	0.0415354
10.59	0.062371
10.6	0.0822642
10.61	0.0907004
10.62	0.129994
10.63	0.159886
10.64	0.203137
10.65	0.246598
10.66	0.280411
10.67	0.329209
10.68	0.343613
10.69	0.339861
10.7	0.303914
10.71	0.235315
10.72	0.173199
10.73	0.0998646
10.74	0.0543644
10.75	0.0186437
10.76	-0.0121168
10.77	-0.0154273
10.78	-0.0355109
10.79	-0.0366223
10.8	-0.0364196
10.81	-0.0462111
10.82	-0.034505
10.83	-0.0418906
10.84	-0.0385678
10.85	-0.038582
10.86	-0.0457538
10.87	-0.0347217
10.88	-0.0441452
10.89	-0.0366797
10.9	-0.0328498
10.91	-0.0407136
10.92	-0.0281184
10.93	-0.0400665
10.94	-0.0417793
10.95	-0.0423275
10.96	-0.052461
10.97	-0.0442827
10.98	-0.0541454
10.99	-0.0525778
11	-0.0542195
11.01	-0.0636527
11.02	-0.0497136
11.03	-0.0576826
11.04	-0.0560759
11.05	-0.0541717
11.06	-0.0633209
11.07	-0.0513612
11.08	-0.0611365
11.09	-0.0611334
11.1	-0.0608028
11.11	-0.0663904
11.12	-0.0520353
11.13	-0.0605812
11.14	-0.0535771
11.15	-0.0390234
11.16	-0.0277577
11.17	0.00447439
11.18	0.012669
11.19	0.0261805
11.2	0.0215644
11.21	-0.0042431
11.22	-0.00756331
11.23	-0.0332962
11.24	-0.052343
11.25	-0.0620479
11.26	-0.0747626
11.27	-0.0695237
11.28	-0.0844151
11.29	-0.084024
11.3	-0.0806015
11.31	-0.0826832
11.32	-0.0550595
11.33	-0.0390377
11.34	0.0635591
11.35	0.316367
11.36	0.361278
11.37	0.114309
11.38	-0.188914
11.39	-0.315719
11.4	-0.266987
11.41	-0.150689
11.42	-0.0527357
11.43	-0.0311295
11.44	-0.0118044
11.45	0.00181989
11.46	0.00330481
11.47	0.0201881
11.48	0.0219976
11.49	0.0386496
11.5	0.0483074
11.51	0.0564941
11.52	0.0838086
11.53	0.0922639
11.54	0.121127
11.55	0.152973
11.56	0.185051
11.57	0.235238
11.58	0.266675
11.59	0.31489
11.6	0.347822
11.61	0.349882
11.62	0.339755
11.63	0.275695
11.64	0.206636
11.65	0.13167
11.66	0.0608294
11.67	0.0256239
11.68	-0.0149516
11.69	-0.0281038
11.7	-0.0385522
11.71	-0.0512096
11.72	-0.0422616
11.73	-0.0562489
11.74	-0.0568041
11.75	-0.0582928
11.76	-0.0669505
11.77	-0.0576512
11.78	-0.0698562
11.79	-0.0643231
11.8	-0.0576449
11.81	-0.059438
11.82	-0.0473393
11.83	-0.0625004
11.84	-0.0597881
11.85	-0.057307
11.86	-0.0660772
11.87	-0.0575255
11.88	-0.0681696
11.89	-0.0640819
